-5.716185808417068026e-02,1.916573034881925430e-01,3.562124248496994494e-01
-5.673730087386501947e-02,1.917834160962530177e-01,3.580160320641281868e-01
-5.637908739718631296e-02,1.918890265342456658e-01,3.598196392785571462e-01
-5.608617923918932102e-02,1.919748433997265635e-01,3.616232464929858836e-01
-5.585796880827380989e-02,1.920413687740584463e-01,3.634268537074148431e-01
-5.569429121572593705e-02,1.920889011004486002e-01,3.652304609218436915e-01
-5.559535845670857818e-02,1.921175580681528661e-01,3.670340681362725399e-01
-5.556164156412971011e-02,1.921273119228475990e-01,3.688376753507013883e-01
-5.559374667607608345e-02,1.921180244810889448e-01,3.706412825651302367e-01
-5.569233527155104113e-02,1.920894681964661066e-01,3.724448897795591962e-01
-5.585812523500736232e-02,1.920413232750447508e-01,3.742484969939879336e-01
-5.609198216100300810e-02,1.919731479589000256e-01,3.760521042084166710e-01
-5.639507855319704499e-02,1.918843274344695926e-01,3.778557114228457414e-01
-5.676907344371395769e-02,1.917740136210905333e-01,3.796593186372745898e-01
-5.721625591142184830e-02,1.916410709098618215e-01,3.814629258517034383e-01
-5.758466182623328544e-02,1.915306939431859201e-01,3.827358275011858990e-01
-5.774108520939601891e-02,1.914835948034224467e-01,3.832665330661322867e-01
-5.834999389158848637e-02,1.912989237106460794e-01,3.850701402805611351e-01
-5.904369052859986811e-02,1.910859560741263174e-01,3.868737474949899835e-01
-5.982681909869359826e-02,1.908422168088921289e-01,3.886773547094188319e-01
-6.070436350873690406e-02,1.905648977408985756e-01,3.904809619238477914e-01
-6.168168325997794993e-02,1.902508080146199099e-01,3.922845691382765287e-01
-6.276469804454525014e-02,1.898962682081379583e-01,3.940881763527053772e-01
-6.360230724784762812e-02,1.896173687001019292e-01,3.953585845004192190e-01
-6.396401787820613083e-02,1.894956580422795245e-01,3.958917835671343366e-01
-6.529408967369418337e-02,1.890414818331775104e-01,3.976953907815630740e-01
-6.675582547304517722e-02,1.885302622005611550e-01,3.994989979959920334e-01
-6.836104113440744090e-02,1.879541647716800601e-01,4.013026052104208818e-01
-6.955655250639647402e-02,1.875150287401650129e-01,4.025352475838224753e-01
-7.013036249523760257e-02,1.873011806056933959e-01,4.031062124248496192e-01
-7.208927866223074910e-02,1.865559859719307934e-01,4.049098196392785787e-01
-7.424211879463452068e-02,1.857097407162138503e-01,4.067134268537074271e-01
-7.544146228071518800e-02,1.852257697215682619e-01,4.076401944465545824e-01
-7.662466259445915862e-02,1.847394410576292945e-01,4.085170340681362755e-01
-7.926352294655504560e-02,1.836226944854609799e-01,4.103206412825651239e-01
-8.125117036475781873e-02,1.827518736274873490e-01,4.115667185722597377e-01
-8.218303825887600389e-02,1.823347148036822130e-01,4.121242484969939723e-01
-8.543379090034187995e-02,1.808343644675886042e-01,4.139278557114229318e-01
-8.697988551515860312e-02,1.800958064913503465e-01,4.147204540848424270e-01
-8.905706960036652298e-02,1.790777438829166124e-01,4.157314629258516692e-01
-9.262189722406954928e-02,1.772602159386417464e-01,4.173301490907051492e-01
-9.310475473359640375e-02,1.770070751297723177e-01,4.175350701402806286e-01
-9.766809214245364412e-02,1.745306385058313925e-01,4.193386773547094770e-01
-9.817158141151870188e-02,1.742479285476919437e-01,4.195241960037370821e-01
-1.028382218948403343e-01,1.715351279403364293e-01,4.211422845691383254e-01
-1.036234060316154199e-01,1.710619470320824398e-01,4.213963779252962172e-01
-1.087289372915299784e-01,1.678630936074232693e-01,4.229458917835671738e-01
-1.089719365870140955e-01,1.677054472474754920e-01,4.230150937799956323e-01
-1.142118415461389480e-01,1.641817750258525166e-01,4.244221301546417524e-01
-1.155150018179524757e-01,1.632675238833444231e-01,4.247494989979960223e-01
-1.193378976577711692e-01,1.604944428403156376e-01,4.256587321000034341e-01
-1.233753527946939155e-01,1.574119510163850821e-01,4.265531062124248707e-01
-1.243449951576990203e-01,1.566471263037781114e-01,4.267575478284555968e-01
-1.292281428622419071e-01,1.526436605050337514e-01,4.277307847806885444e-01
-1.325902962083041481e-01,1.497324726016176222e-01,4.283567134268537191e-01
-1.339824731435709793e-01,1.484880361858566811e-01,4.286054525371258417e-01
-1.386032467818663627e-01,1.441843957629432849e-01,4.293874510310212167e-01
-1.430858576894742384e-01,1.397370291986613222e-01,4.300978029290811189e-01
-1.435004397902225060e-01,1.393112478589317860e-01,4.301603206412825675e-01
-1.474258375023557999e-01,1.351503697247217750e-01,4.307343316168689706e-01
-1.516188600342490700e-01,1.304289894230373503e-01,4.313137142058389162e-01
-1.556607455891059755e-01,1.255775946681717270e-01,4.318426668026918436e-01
-1.566324410357066155e-01,1.243634930966314167e-01,4.319639278557114159e-01
-1.595474651275038680e-01,1.206010214359229116e-01,4.323201582205593030e-01
-1.632751442828798139e-01,1.155042304827177263e-01,4.327549545494409622e-01
-1.668400672235834936e-01,1.102923024006215169e-01,4.331525917818032645e-01
-1.702386803568989027e-01,1.049704325528936916e-01,4.335161721785413813e-01
-1.726863905291810830e-01,1.008930648062747876e-01,4.337675350701402643e-01
-1.734675958713429444e-01,9.954392589513660905e-02,4.338471170476693728e-01
-1.765235951137094361e-01,9.401819168720051967e-02,4.341455440905836460e-01
-1.794036317974927186e-01,8.839873810111582852e-02,4.344174822049763907e-01
-1.821048350394924575e-01,8.269116673042684051e-02,4.346647175804685959e-01
-1.846245122215721401e-01,7.690116700640220460e-02,4.348888166854201764e-01
-1.869601516747196601e-01,7.103451052668573185e-02,4.350911528189211341e-01
-1.891094251827334372e-01,6.509704530204232786e-02,4.352729283892717294e-01
-1.910701903030389559e-01,5.909468992693400757e-02,4.354351936375724930e-01
-1.927494434987467031e-01,5.336339598379639254e-02,4.355711422845691128e-01
-1.928404925023223526e-01,5.303342767973574789e-02,4.355787377086933199e-01
-1.944185671048513919e-01,4.691930055847377129e-02,4.357025679858735345e-01
-1.958028410515428863e-01,4.075840325803047060e-02,4.358095474954851167e-01
-1.969919344680221007e-01,3.455687709481988085e-02,4.359002425957417270e-01
-1.979846620401114476e-01,2.832090388499031858e-02,4.359751259651150623e-01
-1.987800341953775696e-01,2.205669978225501676e-02,4.360345827416380327e-01
-1.993772580895586399e-01,1.577050908149540964e-02,4.360789154311769944e-01
-1.997757383968887246e-01,9.468597994311642174e-03,4.361083477029221167e-01
-1.999750779035314729e-01,3.157248402727364130e-03,4.361230271617265175e-01
-1.999750779035314729e-01,-3.157248402727404462e-03,4.361230271617265175e-01
-1.997757383968887246e-01,-9.468597994311593602e-03,4.361083477029221167e-01
-1.993772580895586399e-01,-1.577050908149518413e-02,4.360789154311769944e-01
-1.987800341953775973e-01,-2.205669978225496819e-02,4.360345827416381437e-01
-1.979846620401114476e-01,-2.832090388499035674e-02,4.359751259651150623e-01
-1.969919344680221007e-01,-3.455687709481992942e-02,4.359002425957417270e-01
-1.958028410515429141e-01,-4.075840325803042896e-02,4.358095474954851167e-01
-1.944185671048513919e-01,-4.691930055847373660e-02,4.357025679858735345e-01
-1.928404925023223804e-01,-5.303342767973570626e-02,4.355787377086933199e-01
-1.927494434987467309e-01,-5.336339598379627458e-02,4.355711422845692238e-01
-1.910701903030389837e-01,-5.909468992693396594e-02,4.354351936375726040e-01
-1.891094251827334372e-01,-6.509704530204236950e-02,4.352729283892717294e-01
-1.869601516747196879e-01,-7.103451052668567633e-02,4.350911528189211341e-01
-1.846245122215721679e-01,-7.690116700640216296e-02,4.348888166854201764e-01
-1.821048350394924575e-01,-8.269116673042679888e-02,4.346647175804684848e-01
-1.794036317974927464e-01,-8.839873810111578689e-02,4.344174822049763907e-01
-1.765235951137093806e-01,-9.401819168720063069e-02,4.341455440905836460e-01
-1.734675958713429722e-01,-9.954392589513655354e-02,4.338471170476693728e-01
-1.726863905291811108e-01,-1.008930648062747459e-01,4.337675350701402643e-01
-1.702386803568989304e-01,-1.049704325528936777e-01,4.335161721785412703e-01
-1.668400672235835214e-01,-1.102923024006214753e-01,4.331525917818032645e-01
-1.632751442828798416e-01,-1.155042304827176985e-01,4.327549545494409622e-01
-1.595474651275039235e-01,-1.206010214359228699e-01,4.323201582205594140e-01
-1.566324410357067265e-01,-1.243634930966313057e-01,4.319639278557114159e-01
-1.556607455891060032e-01,-1.255775946681716992e-01,4.318426668026917326e-01
-1.516188600342490977e-01,-1.304289894230373503e-01,4.313137142058389162e-01
-1.474258375023557999e-01,-1.351503697247217473e-01,4.307343316168690817e-01
-1.435004397902225615e-01,-1.393112478589317582e-01,4.301603206412825675e-01
-1.430858576894742940e-01,-1.397370291986612667e-01,4.300978029290812299e-01
-1.386032467818663905e-01,-1.441843957629432571e-01,4.293874510310211057e-01
-1.339824731435710348e-01,-1.484880361858566256e-01,4.286054525371257307e-01
-1.325902962083041203e-01,-1.497324726016176499e-01,4.283567134268537191e-01
-1.292281428622420181e-01,-1.526436605050336404e-01,4.277307847806885444e-01
-1.243449951576990620e-01,-1.566471263037780837e-01,4.267575478284555968e-01
-1.233753527946940265e-01,-1.574119510163849989e-01,4.265531062124247597e-01
-1.193378976577713080e-01,-1.604944428403155265e-01,4.256587321000034341e-01
-1.155150018179525173e-01,-1.632675238833443954e-01,4.247494989979960223e-01
-1.142118415461390035e-01,-1.641817750258524888e-01,4.244221301546417524e-01
-1.089719365870140816e-01,-1.677054472474754920e-01,4.230150937799952993e-01
-1.087289372915301033e-01,-1.678630936074231861e-01,4.229458917835671738e-01
-1.036234060316155586e-01,-1.710619470320823288e-01,4.213963779252962172e-01
-1.028382218948404730e-01,-1.715351279403363183e-01,4.211422845691382144e-01
-9.817158141151877127e-02,-1.742479285476919160e-01,4.195241960037370821e-01
-9.766809214245369963e-02,-1.745306385058313370e-01,4.193386773547094770e-01
-9.310475473359651477e-02,-1.770070751297722622e-01,4.175350701402806286e-01
-9.262189722406966030e-02,-1.772602159386416909e-01,4.173301490907051492e-01
-8.905706960036680053e-02,-1.790777438829164736e-01,4.157314629258516692e-01
-8.697988551515863087e-02,-1.800958064913503187e-01,4.147204540848425380e-01
-8.543379090034185219e-02,-1.808343644675886042e-01,4.139278557114229318e-01
-8.218303825887612879e-02,-1.823347148036821574e-01,4.121242484969939723e-01
-8.125117036475777710e-02,-1.827518736274873490e-01,4.115667185722597377e-01
-7.926352294655508723e-02,-1.836226944854609799e-01,4.103206412825651239e-01
-7.662466259445915862e-02,-1.847394410576292945e-01,4.085170340681362755e-01
-7.544146228071527127e-02,-1.852257697215682342e-01,4.076401944465545824e-01
-7.424211879463443742e-02,-1.857097407162139058e-01,4.067134268537074271e-01
-7.208927866223079073e-02,-1.865559859719307934e-01,4.049098196392785787e-01
-7.013036249523776910e-02,-1.873011806056933404e-01,4.031062124248496192e-01
-6.955655250639647402e-02,-1.875150287401650129e-01,4.025352475838224753e-01
-6.836104113440744090e-02,-1.879541647716800601e-01,4.013026052104208818e-01
-6.675582547304520498e-02,-1.885302622005611273e-01,3.994989979959920334e-01
-6.529408967369422501e-02,-1.890414818331775104e-01,3.976953907815630740e-01
-6.396401787820621410e-02,-1.894956580422794967e-01,3.958917835671343366e-01
-6.360230724784775302e-02,-1.896173687001019015e-01,3.953585845004192190e-01
-6.276469804454536117e-02,-1.898962682081379028e-01,3.940881763527053772e-01
-6.168168325997816503e-02,-1.902508080146198266e-01,3.922845691382764177e-01
-6.070436350873673059e-02,-1.905648977408986589e-01,3.904809619238477914e-01
-5.982681909869380643e-02,-1.908422168088920734e-01,3.886773547094188319e-01
-5.904369052859995137e-02,-1.910859560741262897e-01,3.868737474949899835e-01
-5.834999389158860433e-02,-1.912989237106460516e-01,3.850701402805611351e-01
-5.774108520939610911e-02,-1.914835948034224189e-01,3.832665330661322867e-01
-5.758466182623332014e-02,-1.915306939431858924e-01,3.827358275011858990e-01
-5.721625591142192463e-02,-1.916410709098618215e-01,3.814629258517034383e-01
-5.676907344371387443e-02,-1.917740136210905610e-01,3.796593186372745898e-01
-5.639507855319700336e-02,-1.918843274344695926e-01,3.778557114228457414e-01
-5.609198216100296647e-02,-1.919731479589000533e-01,3.760521042084167820e-01
-5.585812523500732069e-02,-1.920413232750447508e-01,3.742484969939879336e-01
-5.569233527155099950e-02,-1.920894681964661066e-01,3.724448897795591962e-01
-5.559374667607608345e-02,-1.921180244810889448e-01,3.706412825651302367e-01
-5.556164156412978644e-02,-1.921273119228475990e-01,3.688376753507013883e-01
-5.559535845670846022e-02,-1.921175580681528938e-01,3.670340681362725399e-01
-5.569429121572588848e-02,-1.920889011004486002e-01,3.652304609218436915e-01
-5.585796880827406663e-02,-1.920413687740583908e-01,3.634268537074148431e-01
-5.608617923918932102e-02,-1.919748433997265635e-01,3.616232464929861057e-01
-5.637908739718636153e-02,-1.918890265342456380e-01,3.598196392785571462e-01
-5.673730087386510967e-02,-1.917834160962529899e-01,3.580160320641281868e-01
-5.716185808417071496e-02,-1.916573034881925153e-01,3.562124248496994494e-01
-5.758466182623332014e-02,-1.915306939431858924e-01,3.546615820013218623e-01
-5.765480453931590143e-02,-1.915095911789623240e-01,3.544088176352706010e-01
-5.822176519545523704e-02,-1.913379890600015731e-01,3.526052104208416416e-01
-5.886040026105541362e-02,-1.911424947025343046e-01,3.508016032064129042e-01
-5.957240555891248068e-02,-1.909217863312735186e-01,3.489979959919839447e-01
-6.035946986477145476e-02,-1.906744198828037584e-01,3.471943887775550963e-01
-6.122334246890220183e-02,-1.903987981499240534e-01,3.453907815631263589e-01
-6.216594879568587001e-02,-1.900931214177203343e-01,3.435871743486973995e-01
-6.318950738557281566e-02,-1.897553323529239944e-01,3.417835671342685511e-01
-6.360230724784775302e-02,-1.896173687001019015e-01,3.411040931246948626e-01
-6.430398698552980408e-02,-1.893805619850274236e-01,3.399799599198395916e-01
-6.551021940868755056e-02,-1.889666932372623676e-01,3.381763527054108542e-01
-6.680700926633674486e-02,-1.885121309435751069e-01,3.363727454909820058e-01
-6.819763629646022340e-02,-1.880135165448902912e-01,3.345691382765530464e-01
-6.955655250639647402e-02,-1.875150287401650129e-01,3.329187305594998869e-01
-6.968678666268628141e-02,-1.874666684096915892e-01,3.327655310621243090e-01
-7.129300336238311719e-02,-1.868617341019055134e-01,3.309619238476953496e-01
-7.300283316593914051e-02,-1.862003929903104649e-01,3.291583166332665011e-01
-7.481850879833255863e-02,-1.854782756583472081e-01,3.273547094188377637e-01
-7.544146228071527127e-02,-1.852257697215682342e-01,3.267612807250508955e-01
-7.675878596854115998e-02,-1.846837534182032281e-01,3.255511022044088043e-01
-7.881794005248687895e-02,-1.838143964054028690e-01,3.237474949899799559e-01
-8.098937960177102213e-02,-1.828680409249255345e-01,3.219438877755511075e-01
-8.125117036475777710e-02,-1.827518736274873490e-01,3.217325676177647531e-01
-8.330274394259440385e-02,-1.818258860878575744e-01,3.201402805611222591e-01
-8.573508017888271937e-02,-1.806917154346611154e-01,3.183366733466934106e-01
-8.697988551515863087e-02,-1.800958064913503187e-01,3.174434389832002101e-01
-8.830207203699376450e-02,-1.794512303495675865e-01,3.165330661322645622e-01
-9.100228789536002338e-02,-1.780971184433089438e-01,3.147294589178357138e-01
-9.262189722406966030e-02,-1.772602159386416909e-01,3.136783575240327804e-01
-9.383233104650458289e-02,-1.766224607754607601e-01,3.129258517034067544e-01
-9.679459147096684812e-02,-1.750165908191810282e-01,3.111222444889780170e-01
-9.817158141151877127e-02,-1.742479285476919160e-01,3.102985031138645877e-01
-9.988355080368263583e-02,-1.732722605579097019e-01,3.093186372745491686e-01
-1.030839336167231335e-01,-1.713875801512554919e-01,3.075150300601202091e-01
-1.036234060316155586e-01,-1.710619470320823288e-01,3.072113482915587723e-01
-1.064101220870014991e-01,-1.693425106623538956e-01,3.057114228456914717e-01
-1.089719365870140816e-01,-1.677054472474754920e-01,3.043419733457680132e-01
-1.098219962151957135e-01,-1.671500198842630902e-01,3.039078156312625123e-01
-1.133269428328592121e-01,-1.647938227851938331e-01,3.021042084168336639e-01
-1.142118415461390035e-01,-1.641817750258524888e-01,3.016432354910282831e-01
-1.169087962574848344e-01,-1.622724047939941849e-01,3.003006012024048155e-01
-1.193378976577713080e-01,-1.604944428403155265e-01,2.990732164856740316e-01
-1.205316212473414306e-01,-1.595999006249297081e-01,2.984969939879759671e-01
-1.241770142228200147e-01,-1.567803212737668983e-01,2.966933867735471186e-01
-1.243449951576990620e-01,-1.566471263037780837e-01,2.966071506850332384e-01
-1.278428067831476056e-01,-1.538057760742644886e-01,2.948897795591181592e-01
-1.292281428622420181e-01,-1.526436605050336404e-01,2.941819331883936406e-01
-1.314704196006878101e-01,-1.507167169560798548e-01,2.930861723446894218e-01
-1.339824731435710348e-01,-1.484880361858566256e-01,2.917951136166465065e-01
-1.350251555498058476e-01,-1.475405278855634883e-01,2.912825651302605734e-01
-1.384733520364282988e-01,-1.443091500071821409e-01,2.894789579158316140e-01
-1.386032467818663905e-01,-1.441843957629432571e-01,2.894057092920339636e-01
-1.418055573460092755e-01,-1.410361085175980134e-01,2.876753507014029876e-01
-1.430858576894742940e-01,-1.397370291986612667e-01,2.869231625212485537e-01
-1.449535191346226215e-01,-1.377986839214678516e-01,2.858717434869739171e-01
-1.474258375023557999e-01,-1.351503697247217473e-01,2.843369913790271819e-01
-1.478779122866216988e-01,-1.346555719521112804e-01,2.840681362725450687e-01
-1.505782326800926829e-01,-1.316290083641895314e-01,2.822645290581163313e-01
-1.516188600342490977e-01,-1.304289894230373503e-01,2.814723295763331135e-01
-1.530041893590086133e-01,-1.288010793378403240e-01,2.804609218436873719e-01
-1.551239471536936809e-01,-1.262400927576420029e-01,2.786573146292585235e-01
-1.556607455891060032e-01,-1.255775946681716992e-01,2.781100080496148874e-01
-1.569454094746448869e-01,-1.239682961278247425e-01,2.768537074148296750e-01
-1.584289819151427359e-01,-1.220666116894025405e-01,2.750501002004008266e-01
-1.595474651275039235e-01,-1.206010214359228699e-01,2.732682791178971393e-01
-1.595617396025290624e-01,-1.205821348915945973e-01,2.732464929859719782e-01
-1.603886017820683463e-01,-1.194801088817427637e-01,2.714428857715431298e-01
-1.608791802056449838e-01,-1.188187248558054687e-01,2.696392785571142814e-01
-1.610547199453951361e-01,-1.185806779509644415e-01,2.678356713426853219e-01
-1.609392865365943670e-01,-1.187372984747925853e-01,2.660320641282564735e-01
-1.605588310677499853e-01,-1.192512547781268695e-01,2.642284569138277361e-01
-1.599402874950945075e-01,-1.200795754322379616e-01,2.624248496993987767e-01
-1.595474651275039235e-01,-1.206010214359228699e-01,2.615708661605860574e-01
-1.591287909709160897e-01,-1.211529111665687747e-01,2.606212424849699283e-01
-1.581575612016673515e-01,-1.224180780552482362e-01,2.588176352705410799e-01
-1.570367296724672901e-01,-1.238525959912687435e-01,2.570140280561122315e-01
-1.557925450149744151e-01,-1.254140459348839221e-01,2.552104208416833830e-01
-1.556607455891060032e-01,-1.255775946681716992e-01,2.550334593274325434e-01
-1.544981906203825028e-01,-1.270051538128589008e-01,2.534068136272544236e-01
-1.531421535787116650e-01,-1.286370117706186755e-01,2.516032064128256862e-01
-1.517450361989352015e-01,-1.302821706488798692e-01,2.497995991983967268e-01
-1.516188600342490977e-01,-1.304289894230373503e-01,2.496389968352654143e-01
-1.503784296836145340e-01,-1.318572253837088926e-01,2.479959919839679894e-01
-1.490240596748602930e-01,-1.333860174007144017e-01,2.461923847695391410e-01
-1.476979444611870029e-01,-1.348529465823425089e-01,2.443887775551101815e-01
-1.474258375023557999e-01,-1.351503697247217473e-01,2.440063121255184320e-01
-1.464524358338276933e-01,-1.362045668776880325e-01,2.425851703406814441e-01
-1.452763429258028260e-01,-1.374582998079946494e-01,2.407815631262524847e-01
-1.441732398759768552e-01,-1.386148509491823277e-01,2.389779559118236363e-01
-1.431541720084950620e-01,-1.396670434875823263e-01,2.371743486973948989e-01
-1.430858576894742940e-01,-1.397370291986612667e-01,2.370415487200345228e-01
-1.422562838134175944e-01,-1.405814700292908059e-01,2.353707414829659395e-01
-1.414601732724125593e-01,-1.413825285448630786e-01,2.335671342685370910e-01
-1.407714496997972131e-01,-1.420682897391865873e-01,2.317635270541081316e-01
-1.401970258294706895e-01,-1.426351778088796873e-01,2.299599198396793942e-01
-1.397427041562778471e-01,-1.430803153305548470e-01,2.281563126252505458e-01
-1.394129445455801752e-01,-1.434016418773892132e-01,2.263527054108215864e-01
-1.392107715285801628e-01,-1.435979146450861721e-01,2.245490981963928490e-01
-1.391378953317291556e-01,-1.436685285045294358e-01,2.227454909819638895e-01
-1.391950360536291231e-01,-1.436131677041798671e-01,2.209418837675350411e-01
-1.393823607305649803e-01,-1.434313686652074760e-01,2.191382765531063037e-01
-1.396998977297032318e-01,-1.431221107107859269e-01,2.173346693386773443e-01
-1.401477983168177843e-01,-1.426835471487465090e-01,2.155310621242484959e-01
-1.407263689359243009e-01,-1.421129448224549285e-01,2.137274549098196474e-01
-1.414358795046783690e-01,-1.414068314783203939e-01,2.119238476953907990e-01
-1.422762323561525821e-01,-1.405612809650584050e-01,2.101202404809619506e-01
-1.430858576894742940e-01,-1.397370291986612667e-01,2.086146046083744987e-01
-1.432519041019360839e-01,-1.395668011067449921e-01,2.083166332665331022e-01
-1.443865198385324844e-01,-1.383926764280432042e-01,2.065130260521042538e-01
-1.456505224470114879e-01,-1.370617572881385748e-01,2.047094188376752943e-01
-1.470402479433801646e-01,-1.355697808685596972e-01,2.029058116232465570e-01
-1.474258375023557444e-01,-1.351503697247218028e-01,2.024441696803568891e-01
-1.485908120260422405e-01,-1.338684824050881406e-01,2.011022044088177085e-01
-1.502754532617584238e-01,-1.319745738654725109e-01,1.992985971943887491e-01
-1.516188600342490977e-01,-1.304289894230373503e-01,1.979513912805042630e-01
-1.520929042297708422e-01,-1.298758964664104287e-01,1.974949899799599007e-01
-1.540745828227770009e-01,-1.275187159909761669e-01,1.956913827655310523e-01
-1.556607455891060032e-01,-1.255775946681716992e-01,1.943209842558126232e-01
-1.561839296930174203e-01,-1.249262986950569893e-01,1.938877755511022039e-01
-1.584596382513566715e-01,-1.220268128127961482e-01,1.920841683366733554e-01
-1.595474651275039235e-01,-1.206010214359228699e-01,1.912548836271820707e-01
-1.608825250825545172e-01,-1.188141957977295604e-01,1.902805611222445070e-01
-1.632751442828798416e-01,-1.155042304827176985e-01,1.885890465462685683e-01
-1.634410343209345695e-01,-1.152693727756991526e-01,1.884769539078156586e-01
-1.661761592325368686e-01,-1.112900898675284467e-01,1.866733466933866992e-01
-1.668400672235835214e-01,-1.102923024006214753e-01,1.862437056948183511e-01
-1.690604211066262241e-01,-1.068577279154400428e-01,1.848697394789579618e-01
-1.702386803568989304e-01,-1.049704325528936777e-01,1.841488091117099990e-01
-1.720902394109141975e-01,-1.019065724057787864e-01,1.830661322645291134e-01
-1.734675958713429444e-01,-9.954392589513663681e-02,1.822639707237332929e-01
-1.752668678231467936e-01,-9.634067180305315448e-02,1.812625250501001539e-01
-1.765235951137093806e-01,-9.401819168720063069e-02,1.805608851025654604e-01
-1.785870541530422406e-01,-9.003701510455774937e-02,1.794589178356714165e-01
-1.794036317974927464e-01,-8.839873810111578689e-02,1.790183559047454076e-01
-1.820389710555196106e-01,-8.283606109085402125e-02,1.776553106212424571e-01
-1.821048350394924575e-01,-8.269116673042679888e-02,1.776206382455003951e-01
-1.846245122215721679e-01,-7.690116700640216296e-02,1.763554381312374963e-01
-1.856700182048623970e-01,-7.434140394024089937e-02,1.758517034068136087e-01
-1.869601516747196879e-01,-7.103451052668567633e-02,1.752119247539410396e-01
-1.891094251827334372e-01,-6.509704530204236950e-02,1.741837736772781642e-01
-1.894085817168436880e-01,-6.422140742784880618e-02,1.740480961923848713e-01
-1.910701903030389837e-01,-5.909468992693396594e-02,1.732618800608536902e-01
-1.928404925023223804e-01,-5.303342767973570626e-02,1.724450114879539364e-01
-1.932994738120979716e-01,-5.133530387526750310e-02,1.722444889779559118e-01
-1.944185671048513919e-01,-4.691930055847381986e-02,1.717248239673039856e-01
-1.958028410515429141e-01,-4.075840325803042896e-02,1.711011059221698161e-01
-1.969919344680221007e-01,-3.455687709481992942e-02,1.705723301702454786e-01
-1.973104442307476170e-01,-3.268927343128064100e-02,1.704408817635270634e-01
-1.979846620401114476e-01,-2.832090388499035674e-02,1.701318720477548729e-01
-1.987800341953775973e-01,-2.205669978225496819e-02,1.697808286627536245e-01
-1.993772580895586399e-01,-1.577050908149527086e-02,1.695190805776402576e-01
-1.997757383968887246e-01,-9.468597994311593602e-03,1.693453072097265699e-01
-1.999750779035314729e-01,-3.157248402727404462e-03,1.692586370737045320e-01
-1.999750779035314729e-01,3.157248402727364130e-03,1.692586370737045320e-01
-1.997757383968887246e-01,9.468597994311642174e-03,1.693453072097265699e-01
-1.993772580895586399e-01,1.577050908149532291e-02,1.695190805776402576e-01
-1.987800341953775696e-01,2.205669978225501676e-02,1.697808286627536245e-01
-1.979846620401114476e-01,2.832090388499031858e-02,1.701318720477548729e-01
-1.973104442307476170e-01,3.268927343128068957e-02,1.704408817635270634e-01
-1.969919344680221007e-01,3.455687709481988085e-02,1.705723301702454786e-01
-1.958028410515428863e-01,4.075840325803047060e-02,1.711011059221698161e-01
-1.944185671048513919e-01,4.691930055847377129e-02,1.717248239673039856e-01
-1.932994738120979994e-01,5.133530387526746147e-02,1.722444889779559118e-01
-1.928404925023223526e-01,5.303342767973574789e-02,1.724450114879539364e-01
-1.910701903030389559e-01,5.909468992693400757e-02,1.732618800608536902e-01
-1.894085817168437158e-01,6.422140742784875067e-02,1.740480961923848713e-01
-1.891094251827334372e-01,6.509704530204232786e-02,1.741837736772781642e-01
-1.869601516747196601e-01,7.103451052668573185e-02,1.752119247539410396e-01
-1.856700182048623970e-01,7.434140394024095488e-02,1.758517034068136087e-01
-1.846245122215721401e-01,7.690116700640220460e-02,1.763554381312374963e-01
-1.821048350394924575e-01,8.269116673042684051e-02,1.776206382455003951e-01
-1.820389710555195828e-01,8.283606109085406288e-02,1.776553106212424571e-01
-1.794036317974927186e-01,8.839873810111582852e-02,1.790183559047456296e-01
-1.785870541530422129e-01,9.003701510455779100e-02,1.794589178356714165e-01
-1.765235951137094084e-01,9.401819168720060294e-02,1.805608851025654604e-01
-1.752668678231467103e-01,9.634067180305326550e-02,1.812625250501001539e-01
-1.734675958713429444e-01,9.954392589513660905e-02,1.822639707237332929e-01
-1.720902394109142253e-01,1.019065724057787725e-01,1.830661322645291134e-01
-1.702386803568989027e-01,1.049704325528936916e-01,1.841488091117099990e-01
-1.690604211066262519e-01,1.068577279154400012e-01,1.848697394789579618e-01
-1.668400672235834936e-01,1.102923024006215169e-01,1.862437056948184622e-01
-1.661761592325368964e-01,1.112900898675284189e-01,1.866733466933866992e-01
-1.634410343209345973e-01,1.152693727756991110e-01,1.884769539078156586e-01
-1.632751442828798139e-01,1.155042304827177263e-01,1.885890465462685683e-01
-1.608825250825545450e-01,1.188141957977295188e-01,1.902805611222445070e-01
-1.595474651275038680e-01,1.206010214359229116e-01,1.912548836271820707e-01
-1.584596382513566437e-01,1.220268128127962037e-01,1.920841683366733554e-01
-1.561839296930173926e-01,1.249262986950570309e-01,1.938877755511022039e-01
-1.556607455891059755e-01,1.255775946681717270e-01,1.943209842558126232e-01
-1.540745828227770287e-01,1.275187159909761114e-01,1.956913827655310523e-01
-1.520929042297708145e-01,1.298758964664104842e-01,1.974949899799599007e-01
-1.516188600342490700e-01,1.304289894230373503e-01,1.979513912805042630e-01
-1.502754532617583405e-01,1.319745738654725942e-01,1.992985971943887491e-01
-1.485908120260421850e-01,1.338684824050881683e-01,2.011022044088177085e-01
-1.474258375023557999e-01,1.351503697247217750e-01,2.024441696803567781e-01
-1.470402479433800813e-01,1.355697808685597805e-01,2.029058116232465570e-01
-1.456505224470114601e-01,1.370617572881386026e-01,2.047094188376752943e-01
-1.443865198385324289e-01,1.383926764280432598e-01,2.065130260521042538e-01
-1.432519041019359729e-01,1.395668011067451031e-01,2.083166332665331022e-01
-1.430858576894742384e-01,1.397370291986613222e-01,2.086146046083744987e-01
-1.422762323561523878e-01,1.405612809650585715e-01,2.101202404809619506e-01
-1.414358795046783690e-01,1.414068314783204217e-01,2.119238476953907990e-01
-1.407263689359243286e-01,1.421129448224549285e-01,2.137274549098196474e-01
-1.401477983168176733e-01,1.426835471487466200e-01,2.155310621242484959e-01
-1.396998977297031763e-01,1.431221107107859825e-01,2.173346693386773443e-01
-1.393823607305649803e-01,1.434313686652074482e-01,2.191382765531063037e-01
-1.391950360536291231e-01,1.436131677041798393e-01,2.209418837675350411e-01
-1.391378953317290446e-01,1.436685285045295191e-01,2.227454909819638895e-01
-1.392107715285801073e-01,1.435979146450862276e-01,2.245490981963928490e-01
-1.394129445455801475e-01,1.434016418773892687e-01,2.263527054108215864e-01
-1.397427041562778194e-01,1.430803153305548747e-01,2.281563126252505458e-01
-1.401970258294706062e-01,1.426351778088798261e-01,2.299599198396793942e-01
-1.407714496997971021e-01,1.420682897391866983e-01,2.317635270541081316e-01
-1.414601732724125316e-01,1.413825285448630786e-01,2.335671342685370910e-01
-1.422562838134174834e-01,1.405814700292908892e-01,2.353707414829659395e-01
-1.430858576894742384e-01,1.397370291986613222e-01,2.370415487200345228e-01
-1.431541720084949787e-01,1.396670434875824096e-01,2.371743486973948989e-01
-1.441732398759767719e-01,1.386148509491824388e-01,2.389779559118236363e-01
-1.452763429258027983e-01,1.374582998079946772e-01,2.407815631262524847e-01
-1.464524358338276377e-01,1.362045668776880880e-01,2.425851703406813331e-01
-1.474258375023557999e-01,1.351503697247217750e-01,2.440063121255184320e-01
-1.476979444611870584e-01,1.348529465823424534e-01,2.443887775551101815e-01
-1.490240596748602653e-01,1.333860174007144295e-01,2.461923847695391410e-01
-1.503784296836144507e-01,1.318572253837090036e-01,2.479959919839679894e-01
-1.516188600342490700e-01,1.304289894230373503e-01,2.496389968352654143e-01
-1.517450361989352015e-01,1.302821706488798414e-01,2.497995991983967268e-01
-1.531421535787116373e-01,1.286370117706187310e-01,2.516032064128256862e-01
-1.544981906203824473e-01,1.270051538128590118e-01,2.534068136272544236e-01
-1.556607455891059755e-01,1.255775946681717270e-01,2.550334593274325434e-01
-1.557925450149743873e-01,1.254140459348839776e-01,2.552104208416833830e-01
-1.570367296724672068e-01,1.238525959912688407e-01,2.570140280561122315e-01
-1.581575612016672683e-01,1.224180780552483194e-01,2.588176352705410799e-01
-1.591287909709160342e-01,1.211529111665687886e-01,2.606212424849699283e-01
-1.595474651275038680e-01,1.206010214359229116e-01,2.615708661605860574e-01
-1.599402874950945908e-01,1.200795754322378506e-01,2.624248496993987767e-01
-1.605588310677501240e-01,1.192512547781266891e-01,2.642284569138277361e-01
-1.609392865365943948e-01,1.187372984747925297e-01,2.660320641282564735e-01
-1.610547199453952194e-01,1.185806779509643305e-01,2.678356713426853219e-01
-1.608791802056451226e-01,1.188187248558053022e-01,2.696392785571142814e-01
-1.603886017820684295e-01,1.194801088817426526e-01,2.714428857715431298e-01
-1.595617396025291457e-01,1.205821348915944863e-01,2.732464929859719782e-01
-1.595474651275038680e-01,1.206010214359229116e-01,2.732682791178973614e-01
-1.584289819151428191e-01,1.220666116894024295e-01,2.750501002004009377e-01
-1.569454094746448591e-01,1.239682961278247841e-01,2.768537074148296750e-01
-1.556607455891059755e-01,1.255775946681717270e-01,2.781100080496149984e-01
-1.551239471536937642e-01,1.262400927576418919e-01,2.786573146292585235e-01
-1.530041893590086410e-01,1.288010793378402963e-01,2.804609218436873719e-01
-1.516188600342490700e-01,1.304289894230373503e-01,2.814723295763332245e-01
-1.505782326800927662e-01,1.316290083641894204e-01,2.822645290581163313e-01
-1.478779122866218376e-01,1.346555719521111416e-01,2.840681362725450687e-01
-1.474258375023557999e-01,1.351503697247217750e-01,2.843369913790272929e-01
-1.449535191346226493e-01,1.377986839214677961e-01,2.858717434869739171e-01
-1.430858576894742384e-01,1.397370291986613222e-01,2.869231625212485537e-01
-1.418055573460094421e-01,1.410361085175978468e-01,2.876753507014028766e-01
-1.386032467818663627e-01,1.441843957629432849e-01,2.894057092920339636e-01
-1.384733520364283266e-01,1.443091500071821132e-01,2.894789579158316140e-01
-1.350251555498058476e-01,1.475405278855634883e-01,2.912825651302605734e-01
-1.339824731435709793e-01,1.484880361858566811e-01,2.917951136166465065e-01
-1.314704196006878933e-01,1.507167169560797992e-01,2.930861723446894218e-01
-1.292281428622419071e-01,1.526436605050337514e-01,2.941819331883936406e-01
-1.278428067831477166e-01,1.538057760742644053e-01,2.948897795591181592e-01
-1.243449951576990203e-01,1.566471263037781114e-01,2.966071506850333495e-01
-1.241770142228199592e-01,1.567803212737669261e-01,2.966933867735470076e-01
-1.205316212473415138e-01,1.595999006249296526e-01,2.984969939879759671e-01
-1.193378976577711692e-01,1.604944428403156376e-01,2.990732164856740316e-01
-1.169087962574847928e-01,1.622724047939942127e-01,3.003006012024048155e-01
-1.142118415461389480e-01,1.641817750258525166e-01,3.016432354910282831e-01
-1.133269428328590039e-01,1.647938227851939441e-01,3.021042084168336639e-01
-1.098219962151957274e-01,1.671500198842630625e-01,3.039078156312625123e-01
-1.089719365870140955e-01,1.677054472474754920e-01,3.043419733457680132e-01
-1.064101220870014297e-01,1.693425106623539511e-01,3.057114228456914717e-01
-1.036234060316154199e-01,1.710619470320824398e-01,3.072113482915588833e-01
-1.030839336167232445e-01,1.713875801512554364e-01,3.075150300601202091e-01
-9.988355080368273298e-02,1.732722605579096742e-01,3.093186372745491686e-01
-9.817158141151870188e-02,1.742479285476919437e-01,3.102985031138648098e-01
-9.679459147096679261e-02,1.750165908191810560e-01,3.111222444889780170e-01
-9.383233104650454126e-02,1.766224607754607878e-01,3.129258517034067544e-01
-9.262189722406954928e-02,1.772602159386417464e-01,3.136783575240327804e-01
-9.100228789536013441e-02,1.780971184433088883e-01,3.147294589178357138e-01
-8.830207203699388940e-02,1.794512303495675309e-01,3.165330661322645622e-01
-8.697988551515860312e-02,1.800958064913503465e-01,3.174434389832003212e-01
-8.573508017888260835e-02,1.806917154346611987e-01,3.183366733466934106e-01
-8.330274394259444548e-02,1.818258860878575467e-01,3.201402805611222591e-01
-8.125117036475781873e-02,1.827518736274873490e-01,3.217325676177647531e-01
-8.098937960177099438e-02,1.828680409249255623e-01,3.219438877755511075e-01
-7.881794005248700385e-02,1.838143964054028412e-01,3.237474949899799559e-01
-7.675878596854118774e-02,1.846837534182032003e-01,3.255511022044088043e-01
-7.544146228071518800e-02,1.852257697215682619e-01,3.267612807250510065e-01
-7.481850879833255863e-02,1.854782756583472081e-01,3.273547094188377637e-01
-7.300283316593901561e-02,1.862003929903105204e-01,3.291583166332665011e-01
-7.129300336238318658e-02,1.868617341019054578e-01,3.309619238476953496e-01
-6.968678666268611488e-02,1.874666684096916447e-01,3.327655310621243090e-01
-6.955655250639647402e-02,1.875150287401650129e-01,3.329187305594998869e-01
-6.819763629646001524e-02,1.880135165448903745e-01,3.345691382765530464e-01
-6.680700926633678649e-02,1.885121309435750792e-01,3.363727454909820058e-01
-6.551021940868734239e-02,1.889666932372624508e-01,3.381763527054108542e-01
-6.430398698552967918e-02,1.893805619850274791e-01,3.399799599198395916e-01
-6.360230724784762812e-02,1.896173687001019292e-01,3.411040931246947516e-01
-6.318950738557281566e-02,1.897553323529239944e-01,3.417835671342685511e-01
-6.216594879568570348e-02,1.900931214177203898e-01,3.435871743486973995e-01
-6.122334246890215326e-02,1.903987981499240534e-01,3.453907815631263589e-01
-6.035946986477136456e-02,1.906744198828037862e-01,3.471943887775550963e-01
-5.957240555891243905e-02,1.909217863312735464e-01,3.489979959919839447e-01
-5.886040026105546219e-02,1.911424947025343046e-01,3.508016032064129042e-01
-5.822176519545523704e-02,1.913379890600015731e-01,3.526052104208416416e-01
-5.765480453931603327e-02,1.915095911789622685e-01,3.544088176352706010e-01
-5.758466182623328544e-02,1.915306939431859201e-01,3.546615820013218623e-01
-5.716185808417068026e-02,1.916573034881925430e-01,3.562124248496994494e-01
