2.000000000000000111e-01,-4.898587196589413075e-17,4.292941603318007338e-01
1.999003178252347634e-01,-6.313709952962049364e-03,4.292827904617027568e-01
1.996013706662986831e-01,-1.262112626253492076e-02,4.292486240865460156e-01
1.991034565202211837e-01,-1.891596155896907785e-02,4.291914902188375680e-01
1.984070717186515731e-01,-2.519194101354367554e-02,4.291111015539559870e-01
1.975129104331047325e-01,-3.144280859345021523e-02,4.290070509261246223e-01
1.964218639829960755e-01,-3.766233329794370366e-02,4.288788062329928485e-01
1.951350199471547364e-01,-4.384431536953829062e-02,4.287257037099881374e-01
1.936536610797014168e-01,-4.998259247406175443e-02,4.285469393941034322e-01
1.921083387311544322e-01,-5.562720728165337913e-02,4.283567134268537191e-01
1.919792640313714160e-01,-5.607104584340286829e-02,4.283412584267675682e-01
1.901134978775565754e-01,-6.210360637483382240e-02,4.281035259250847713e-01
1.880582224545351566e-01,-6.807426068082252091e-02,4.278361862753572997e-01
1.858154865055461069e-01,-7.397705708330938601e-02,4.275377150037539820e-01
1.833875256385577301e-01,-7.980611154646828631e-02,4.272063637562256155e-01
1.807767600977646660e-01,-8.555561354204208047e-02,4.268401335956795717e-01
1.788002104651169599e-01,-8.961297192722646188e-02,4.265531062124248707e-01
1.779857923510360374e-01,-9.121983184140325385e-02,4.264342470830738141e-01
1.750174044957186759e-01,-9.679312022856786935e-02,4.259815888281902052e-01
1.718745554853823854e-01,-1.022699231284653482e-01,4.254852856411628914e-01
1.685603781802700873e-01,-1.076447811448578151e-01,4.249418788920687473e-01
1.674358583000321310e-01,-1.093857091000993709e-01,4.247494989979960223e-01
1.650781762243952455e-01,-1.129123365023836228e-01,4.243381646800103435e-01
1.614314207523970257e-01,-1.180673383873057508e-01,4.236731612269494796e-01
1.576237469294385074e-01,-1.231046481816358007e-01,4.229459760618125563e-01
1.576233245100059077e-01,-1.231051890474702121e-01,4.229458917835671738e-01
1.536589503275941349e-01,-1.280192445854214656e-01,4.221311665215000120e-01
1.495409831423417379e-01,-1.328062286220863253e-01,4.212391342202533306e-01
1.491138692969815327e-01,-1.332856105634915023e-01,4.211422845691382144e-01
1.452739502529277471e-01,-1.374608285218369974e-01,4.202392351823917571e-01
1.416530589717600042e-01,-1.411892732609070777e-01,4.193386773547094770e-01
1.408621051305343763e-01,-1.419784044782666510e-01,4.191338433054456192e-01
1.363098455983266788e-01,-1.463544532734154802e-01,4.178925730025565000e-01
1.350659447418807724e-01,-1.475031883417548817e-01,4.175350701402806286e-01
1.316217094476075100e-01,-1.505846127666754519e-01,4.164976233786454318e-01
1.292137829302491825e-01,-1.526558164658472772e-01,4.157314629258516692e-01
1.268023699144476546e-01,-1.546646662430679053e-01,4.149240321830139355e-01
1.239819260099020853e-01,-1.569346425199840134e-01,4.139278557114229318e-01
1.218566310213033410e-01,-1.585905466165557220e-01,4.131343414930211400e-01
1.192871289870311435e-01,-1.605321801323068009e-01,4.121242484969939723e-01
1.167894227882611963e-01,-1.623583404842042222e-01,4.110810547002836102e-01
1.150565168666789484e-01,-1.635909469576712905e-01,4.103206412825651239e-01
1.116057963186880553e-01,-1.659642920271451605e-01,4.087028354882725201e-01
1.112277210111028147e-01,-1.662179114255629142e-01,4.085170340681362755e-01
1.077764059475640190e-01,-1.684762485367771179e-01,4.067134268537074271e-01
1.063109187641802511e-01,-1.694048067544597913e-01,4.058904274166691972e-01
1.046392108890694117e-01,-1.704424698967744456e-01,4.049098196392785787e-01
1.017834923800289976e-01,-1.721630642121723676e-01,4.031062124248496192e-01
1.009100681738355487e-01,-1.726764550862446568e-01,4.025145071627861948e-01
9.919117961884728329e-02,-1.736695421938503903e-01,4.013026052104208818e-01
9.682286729672577585e-02,-1.750009496215395866e-01,3.994989979959920334e-01
9.540862823297775741e-02,-1.757759757722921756e-01,3.983356142512196052e-01
9.465814390292863478e-02,-1.761812583473408578e-01,3.976953907815630740e-01
9.269001160795382888e-02,-1.772246081900518411e-01,3.958917835671343366e-01
9.088165801252941212e-02,-1.781587051953781309e-01,3.940881763527053772e-01
8.981208289658396127e-02,-1.787002791429748716e-01,3.929322692187141031e-01
8.923153663184002493e-02,-1.789908737067915367e-01,3.922845691382765287e-01
8.773582992758555132e-02,-1.797287515867113106e-01,3.904809619238477914e-01
8.636971042467557480e-02,-1.803892267325232779e-01,3.886773547094188319e-01
8.512587962836248856e-02,-1.809795143586631072e-01,3.868737474949899835e-01
8.412601092275671932e-02,-1.814464501890963311e-01,3.852777358978465849e-01
8.399935176772012346e-02,-1.815051208715688646e-01,3.850701402805611351e-01
8.299473165898327287e-02,-1.819666851840010813e-01,3.832665330661322867e-01
8.209150871685519379e-02,-1.823759419347587285e-01,3.814629258517034383e-01
8.128426737959948412e-02,-1.827371551616194800e-01,3.796593186372745898e-01
8.056833430292292819e-02,-1.830539360616221523e-01,3.778557114228457414e-01
7.993986285706923545e-02,-1.833292620570785292e-01,3.760521042084167820e-01
7.939579911573017845e-02,-1.835655389303085527e-01,3.742484969939879336e-01
7.893373343849652279e-02,-1.837647020661486719e-01,3.724448897795591962e-01
7.855168302818588133e-02,-1.839283368419326048e-01,3.706412825651303478e-01
7.835608031169859211e-02,-1.840117514676349320e-01,3.694815080781243544e-01
7.824931865758313898e-02,-1.840571762513595055e-01,3.688376753507013883e-01
7.802506548466851821e-02,-1.841523531104427569e-01,3.670340681362725399e-01
7.787461406226738048e-02,-1.842160266769775623e-01,3.652304609218436915e-01
7.779632421199803027e-02,-1.842491029533161462e-01,3.634268537074148431e-01
7.778873870523361767e-02,-1.842523056318397801e-01,3.616232464929859947e-01
7.785072369558260208e-02,-1.842261241520161130e-01,3.598196392785571462e-01
7.798156545303926157e-02,-1.841707779467018635e-01,3.580160320641281868e-01
7.818098305517018343e-02,-1.840862131951417902e-01,3.562124248496994494e-01
7.835608031169859211e-02,-1.840117514676349320e-01,3.550330480214980988e-01
7.845030660712624948e-02,-1.839715994202580363e-01,3.544088176352706010e-01
7.879185445840276858e-02,-1.838255794795867759e-01,3.526052104208415305e-01
7.920356997372120234e-02,-1.836485624866632527e-01,3.508016032064129042e-01
7.968566723344475133e-02,-1.834398932554222594e-01,3.489979959919839447e-01
8.023819941901845498e-02,-1.831988846963699125e-01,3.471943887775550963e-01
8.086108580713002869e-02,-1.829248064153464193e-01,3.453907815631263589e-01
8.155420674098817768e-02,-1.826168430426070022e-01,3.435871743486973995e-01
8.231752149738247315e-02,-1.822740399906908892e-01,3.417835671342685511e-01
8.315115487955897222e-02,-1.818952595374480896e-01,3.399799599198395916e-01
8.405540864388813538e-02,-1.814791676135555365e-01,3.381763527054108542e-01
8.412601092275671932e-02,-1.814464501890963311e-01,3.380445225994312408e-01
8.504400625182692575e-02,-1.810180018689832582e-01,3.363727454909820058e-01
8.610600483345426381e-02,-1.805152512438247259e-01,3.345691382765530464e-01
8.724042588104720386e-02,-1.799697421571012645e-01,3.327655310621243090e-01
8.844688633521086141e-02,-1.793798993689267596e-01,3.309619238476953496e-01
8.972444305138722875e-02,-1.787442987038142528e-01,3.291583166332665011e-01
8.981208289658396127e-02,-1.787002791429748716e-01,3.290395301745694945e-01
9.109167814662982865e-02,-1.780514144072739835e-01,3.273547094188377637e-01
9.252880475478912625e-02,-1.773088274470566716e-01,3.255511022044088043e-01
9.403185155107421367e-02,-1.765163190582580421e-01,3.237474949899799559e-01
9.540862823297775741e-02,-1.757759757722921756e-01,3.221591162478782411e-01
9.560112715857349563e-02,-1.756713536294698952e-01,3.219438877755511075e-01
9.725473737628152759e-02,-1.747613116735809990e-01,3.201402805611222591e-01
9.896485756849635052e-02,-1.737986103697242990e-01,3.183366733466934106e-01
1.007267824322072292e-01,-1.727834346830007528e-01,3.165330661322645622e-01
1.009100681738355487e-01,-1.726764550862446568e-01,3.163477662872718477e-01
1.025650043382776988e-01,-1.716986309936368860e-01,3.147294589178357138e-01
1.044463923861518873e-01,-1.705606962858618181e-01,3.129258517034067544e-01
1.063109187641802511e-01,-1.694048067544597913e-01,3.111670977810245264e-01
1.063601423459441114e-01,-1.693739062552154229e-01,3.111222444889780170e-01
1.083332282025396137e-01,-1.681187427600399076e-01,3.093186372745491686e-01
1.103171535603875014e-01,-1.668236363059320271e-01,3.075150300601202091e-01
1.116057963186880553e-01,-1.659642920271451605e-01,3.063371193225709610e-01
1.123148230746072590e-01,-1.654852879192578730e-01,3.057114228456914717e-01
1.143258072815438037e-01,-1.641024368783818854e-01,3.039078156312625123e-01
1.163089917993553463e-01,-1.627028531606544703e-01,3.021042084168336639e-01
1.167894227882611963e-01,-1.623583404842042222e-01,3.016537392691927555e-01
1.182840983633010323e-01,-1.612726637542175878e-01,3.003006012024048155e-01
1.202129913900191610e-01,-1.598400347255442278e-01,2.984969939879759671e-01
1.218566310213033410e-01,-1.585905466165557220e-01,2.968985582612429508e-01
1.220751748895042427e-01,-1.584223837584100847e-01,2.966933867735471186e-01
1.238884982828422771e-01,-1.570084073966174221e-01,2.948897795591181592e-01
1.255971895850875319e-01,-1.556449355691587877e-01,2.930861723446894218e-01
1.268023699144476546e-01,-1.546646662430679053e-01,2.917156035453068452e-01
1.271964721967165091e-01,-1.543407187384778778e-01,2.912825651302605734e-01
1.286902618910003293e-01,-1.530974085163617493e-01,2.894789579158316140e-01
1.300341865582178014e-01,-1.519575938416458660e-01,2.876753507014028766e-01
1.312176245192855362e-01,-1.509368577104870102e-01,2.858717434869739171e-01
1.316217094476075100e-01,-1.505846127666754519e-01,2.851513749162914446e-01
1.322493628527955933e-01,-1.500336829682908935e-01,2.840681362725450687e-01
1.331128259311167294e-01,-1.492681331451298776e-01,2.822645290581163313e-01
1.337931909399083241e-01,-1.486586090951924621e-01,2.804609218436873719e-01
1.342891601293358383e-01,-1.482107333217051459e-01,2.786573146292585235e-01
1.346014442513955023e-01,-1.479271821047047630e-01,2.768537074148296750e-01
1.347326621646064149e-01,-1.478076782377628628e-01,2.750501002004008266e-01
1.346873581354280369e-01,-1.478489619797817567e-01,2.732464929859719782e-01
1.344720932373226485e-01,-1.480447774842895414e-01,2.714428857715431298e-01
1.340955201505568961e-01,-1.483859544416235854e-01,2.696392785571142814e-01
1.335683430683707040e-01,-1.488606654894772119e-01,2.678356713426853219e-01
1.329030988720446282e-01,-1.494548972439763423e-01,2.660320641282563625e-01
1.321137576277272296e-01,-1.501531053474490784e-01,2.642284569138277361e-01
1.316217094476075100e-01,-1.505846127666754519e-01,2.632426427043730865e-01
1.312262838658712072e-01,-1.509293292331010117e-01,2.624248496993987767e-01
1.302609399049889372e-01,-1.517632614800725477e-01,2.606212424849699283e-01
1.292191660507689688e-01,-1.526512598216726024e-01,2.588176352705410799e-01
1.281154246284985920e-01,-1.535787679735043931e-01,2.570140280561122315e-01
1.269637013445439055e-01,-1.545322572827222685e-01,2.552104208416833830e-01
1.268023699144476546e-01,-1.546646662430679053e-01,2.549664114686993055e-01
1.258037609692181091e-01,-1.554780168576890553e-01,2.534068136272545346e-01
1.246272487026522102e-01,-1.564226610207334334e-01,2.516032064128256862e-01
1.234423064868554604e-01,-1.573594514771999575e-01,2.497995991983967268e-01
1.222606385849435151e-01,-1.582792982445961893e-01,2.479959919839679894e-01
1.218566310213033410e-01,-1.585905466165557220e-01,2.473745379799016653e-01
1.211115370577364320e-01,-1.591602827074409809e-01,2.461923847695391410e-01
1.199958931131213796e-01,-1.600030800828045052e-01,2.443887775551101815e-01
1.189126092270628710e-01,-1.608097987276019269e-01,2.425851703406814441e-01
1.178690019827254992e-01,-1.615762927276036265e-01,2.407815631262524847e-01
1.168711427312608270e-01,-1.622995255590393426e-01,2.389779559118236363e-01
1.167894227882614600e-01,-1.623583404842040001e-01,2.388231838286349329e-01
1.159434644884191901e-01,-1.629635328606454936e-01,2.371743486973948989e-01
1.150712330554811980e-01,-1.635805958024702245e-01,2.353707414829659395e-01
1.142558936597858898e-01,-1.641511217263035005e-01,2.335671342685370910e-01
1.135002177394266731e-01,-1.646745292177959896e-01,2.317635270541081316e-01
1.128065384637903512e-01,-1.651504916123999744e-01,2.299599198396793942e-01
1.121767293436284618e-01,-1.655789279883352894e-01,2.281563126252505458e-01
1.116121229980768376e-01,-1.659600373579801502e-01,2.263527054108215864e-01
1.116057963186880553e-01,-1.659642920271451605e-01,2.263299013402984561e-01
1.111237778824886030e-01,-1.662874198161825579e-01,2.245490981963928490e-01
1.107001314615263382e-01,-1.665697478367569317e-01,2.227454909819638895e-01
1.103404481118327035e-01,-1.668082297444582196e-01,2.209418837675350411e-01
1.100436139861387802e-01,-1.670042006084568043e-01,2.191382765531063037e-01
1.098081666675558288e-01,-1.671591054448135216e-01,2.173346693386773443e-01
1.096324601636407270e-01,-1.672743963625866470e-01,2.155310621242484959e-01
1.095147831838406555e-01,-1.673514632866900664e-01,2.137274549098196474e-01
1.094533982392273952e-01,-1.673916175137963591e-01,2.119238476953907990e-01
1.094464975285786984e-01,-1.673961295213447498e-01,2.101202404809619506e-01
1.094921012136352012e-01,-1.673663041708906007e-01,2.083166332665331022e-01
1.095879436705567561e-01,-1.673035642240143228e-01,2.065130260521042538e-01
1.097313964119298463e-01,-1.672095112171790299e-01,2.047094188376752943e-01
1.099194616210477093e-01,-1.670859418291647247e-01,2.029058116232465570e-01
1.101488431804704127e-01,-1.669348146613046646e-01,2.011022044088177085e-01
1.104160727420768345e-01,-1.667581808494456030e-01,1.992985971943887491e-01
1.107176476374283070e-01,-1.665581054816434592e-01,1.974949899799599007e-01
1.110501329937887000e-01,-1.663366104081174246e-01,1.956913827655310523e-01
1.114101940190359158e-01,-1.660956611975182851e-01,1.938877755511022039e-01
1.116057963186880553e-01,-1.659642920271451605e-01,1.929686880922548142e-01
1.117986005022738871e-01,-1.658344744790206937e-01,1.920841683366733554e-01
1.122126139183531324e-01,-1.655546111638411255e-01,1.902805611222445070e-01
1.126444769700685467e-01,-1.652610716658333423e-01,1.884769539078156586e-01
1.130903976747682088e-01,-1.649562425425687984e-01,1.866733466933866992e-01
1.135463490455492774e-01,-1.646427241587865853e-01,1.848697394789579618e-01
1.140081517673300626e-01,-1.643232829838712772e-01,1.830661322645291134e-01
1.144716177474473240e-01,-1.640007583222782284e-01,1.812625250501001539e-01
1.149327093097629454e-01,-1.636779530991194220e-01,1.794589178356714165e-01
1.153876630536018466e-01,-1.633575441019742280e-01,1.776553106212424571e-01
1.158330411234266138e-01,-1.630420393153206582e-01,1.758517034068136087e-01
1.162657007354351291e-01,-1.627337913049967943e-01,1.740480961923848713e-01
1.166827045312671535e-01,-1.624350530620438937e-01,1.722444889779559118e-01
1.167894227882611963e-01,-1.623583404842042222e-01,1.717605909939640685e-01
1.170879168641650314e-01,-1.621432074568971426e-01,1.704408817635270634e-01
1.174737876881614823e-01,-1.618638600991486320e-01,1.686372745490982150e-01
1.178350496618557064e-01,-1.616010552910716880e-01,1.668336673346693666e-01
1.181690246644166997e-01,-1.613570004984614392e-01,1.650300601202405182e-01
1.184733198152700950e-01,-1.611337099800930206e-01,1.632264529058115587e-01
1.187459843863280240e-01,-1.609328779091517836e-01,1.614228456913828214e-01
1.189856214855042338e-01,-1.607557833476242759e-01,1.596192384769538619e-01
1.191914167802688995e-01,-1.606032570214945554e-01,1.578156312625250135e-01
1.193630770541183744e-01,-1.604757172788849329e-01,1.560120240480962761e-01
1.195007045966994669e-01,-1.603732571250343630e-01,1.542084168336673167e-01
1.196046563794782441e-01,-1.602957459583595479e-01,1.524048096192384683e-01
1.196754407741485449e-01,-1.602429058508153537e-01,1.506012024048096198e-01
1.197136878744280708e-01,-1.602143343633896655e-01,1.487975951903807714e-01
1.197201989353323531e-01,-1.602094690300309709e-01,1.469939879759519230e-01
1.196960480443207131e-01,-1.602275135005585549e-01,1.451903807615230746e-01
1.196426875195170381e-01,-1.602673620020845235e-01,1.433867735470942262e-01
1.195620060468617352e-01,-1.603275606689323896e-01,1.415831663326652667e-01
1.194563060689632916e-01,-1.604063307365334867e-01,1.397795591182365293e-01
1.193281974794686423e-01,-1.605016550889769855e-01,1.379759519038076809e-01
1.191804362991756572e-01,-1.606114055835952681e-01,1.361723446893787215e-01
1.190157574738669038e-01,-1.607334734052670855e-01,1.343687374749499841e-01
1.188367524943632764e-01,-1.608658641744526718e-01,1.325651302605210247e-01
1.186458248676581645e-01,-1.610067335283620893e-01,1.307615230460921762e-01
1.184452266240294399e-01,-1.611543616846354832e-01,1.289579158316634389e-01
1.182371486192100724e-01,-1.613070881467979223e-01,1.271543086172344794e-01
1.180238179970391210e-01,-1.614632415920161934e-01,1.253507014028056310e-01
1.178075550341190630e-01,-1.616211000361122696e-01,1.235470941883766716e-01
1.175907588332746612e-01,-1.617789029416834556e-01,1.217434869739479342e-01
1.173758200771619908e-01,-1.619349155099470972e-01,1.199398797595190858e-01
1.171649881198298104e-01,-1.620875243776649932e-01,1.181362725450901263e-01
1.169602379683066240e-01,-1.622353313381431628e-01,1.163326653306613889e-01
1.167894227882611963e-01,-1.623583404842042222e-01,1.147694792240485095e-01
1.167637727220235400e-01,-1.623767883033767623e-01,1.145290581162324295e-01
1.165798818406748733e-01,-1.625088648351661058e-01,1.127254509018035811e-01
1.164056426012666234e-01,-1.626337184306691774e-01,1.109218436873748437e-01
1.162417796347334220e-01,-1.627508791599912574e-01,1.091182364729458842e-01
1.160889485359274387e-01,-1.628599276305340848e-01,1.073146292585170358e-01
1.159478156098914248e-01,-1.629604370861057194e-01,1.055110220440881874e-01
1.158190704609706467e-01,-1.630519638567923535e-01,1.037074148296593390e-01
1.157033694001578239e-01,-1.631340869023105988e-01,1.019038076152304906e-01
1.156012344227036470e-01,-1.632064784251749945e-01,1.001002004008016422e-01
1.155129495393674710e-01,-1.632689758916725520e-01,9.829659318637279375e-02
1.154384971910196733e-01,-1.633216255315840248e-01,9.649298597194383431e-02
1.153775621459215278e-01,-1.633646784138603758e-01,9.468937875751509692e-02
1.153296046185149637e-01,-1.633985382386789198e-01,9.288577154308624850e-02
1.152939781406746578e-01,-1.634236782247224795e-01,9.108216432865728907e-02
1.152700508828144177e-01,-1.634405560730670670e-01,8.927855711422844065e-02
1.152572880011935585e-01,-1.634495566302029690e-01,8.747494989979959223e-02
1.152552675531085813e-01,-1.634509813407718781e-01,8.567134268537074382e-02
1.152636278413941007e-01,-1.634450858754725733e-01,8.386773547094189540e-02
1.152819700664289154e-01,-1.634321491555532080e-01,8.206412825651304699e-02
1.153097569835305064e-01,-1.634125452479066876e-01,8.026052104208419857e-02
1.153462495284760109e-01,-1.633867886939288361e-01,7.845691382765523914e-02
1.153905086620189702e-01,-1.633555340682418811e-01,7.665330661322650174e-02
1.154414646350085116e-01,-1.633195280513756731e-01,7.484969939879765333e-02
1.154980300309441099e-01,-1.632795304346847387e-01,7.304609218436869389e-02
1.155592161358355158e-01,-1.632362323936424886e-01,7.124248496993995650e-02
1.156242108207532066e-01,-1.631902015198155864e-01,6.943887775551099706e-02
1.156923907303996774e-01,-1.631418730034828735e-01,6.763527054108214864e-02
1.157632655755514439e-01,-1.630915888183211981e-01,6.583166332665341125e-02
1.158363781595155573e-01,-1.630396684702398180e-01,6.402805611222445181e-02
1.159112005371735060e-01,-1.629864828445327096e-01,6.222444889779560340e-02
1.159870679976735125e-01,-1.629325015376093255e-01,6.042084168336675498e-02
1.160631778970419997e-01,-1.628782942458558147e-01,5.861723446893790657e-02
1.161386553603112604e-01,-1.628244844336958208e-01,5.681362725450905815e-02
1.162126620843295655e-01,-1.627716718943238994e-01,5.501002004008009871e-02
1.162845077686699008e-01,-1.627203529156637241e-01,5.320641282565125030e-02
1.163537224958614280e-01,-1.626708678939043362e-01,5.140280561122251290e-02
1.164200631631662902e-01,-1.626233958970368099e-01,4.959919839679360898e-02
1.164834521820082014e-01,-1.625779977972474921e-01,4.779559118236470505e-02
1.165438724635959322e-01,-1.625346910391411992e-01,4.599198396793585664e-02
1.166012592841427220e-01,-1.624935270506247809e-01,4.418837675350700822e-02
1.166554306118450096e-01,-1.624546413888043606e-01,4.238476953907815981e-02
1.167060825179306038e-01,-1.624182572967644289e-01,4.058116232464931139e-02
1.167528511357314724e-01,-1.623846413663488641e-01,3.877755511022046297e-02
1.167894227882611963e-01,-1.623583404842042222e-01,3.722787281052181152e-02
1.167955546332224426e-01,-1.623539294809890066e-01,3.697394789579155905e-02
1.168346256636524361e-01,-1.623258150943164280e-01,3.517034068136271063e-02
1.168692720746725283e-01,-1.623008725938840380e-01,3.336673346693391773e-02
1.168997632512525781e-01,-1.622789122215240187e-01,3.156312625250501380e-02
1.169265209813131201e-01,-1.622596335852098115e-01,2.975951903807616539e-02
1.169500069485578247e-01,-1.622427066919566729e-01,2.795591182364726146e-02
1.169706082401965885e-01,-1.622278545993827148e-01,2.615230460921841305e-02
1.169885631158401884e-01,-1.622149071450927904e-01,2.434869739478962014e-02
1.170039536592275553e-01,-1.622038064538232072e-01,2.254509018036071621e-02
1.170167661453350716e-01,-1.621945635367842975e-01,2.074148296593186780e-02
1.170269938949026201e-01,-1.621871841420352012e-01,1.893787575150301938e-02
1.170347410399641269e-01,-1.621815938684428582e-01,1.713426853707411546e-02
1.170402852534051380e-01,-1.621775928659738297e-01,1.533066132264532255e-02
1.170440732474417739e-01,-1.621748590800913548e-01,1.352705410821641863e-02
1.170466486724720395e-01,-1.621730003254022168e-01,1.172344689378757021e-02
1.170485380277747622e-01,-1.621716366864457970e-01,9.919839679358721796e-03
1.170501363611267803e-01,-1.621704830659440044e-01,8.116232464929817869e-03
1.170516347091292708e-01,-1.621694015895741303e-01,6.312625250501024965e-03
1.170530153805283691e-01,-1.621684050310842340e-01,4.509018036072232061e-03
1.170541153995544453e-01,-1.621676110326220333e-01,2.705410821643272623e-03
1.170547325694658580e-01,-1.621671655517565869e-01,9.018036072144242077e-04
1.170547325694657054e-01,-1.621671655517566979e-01,-9.018036072144242077e-04
1.170541153995544453e-01,-1.621676110326220333e-01,-2.705410821643328134e-03
1.170530153805285356e-01,-1.621684050310841507e-01,-4.509018036072121038e-03
1.170516347091292708e-01,-1.621694015895741303e-01,-6.312625250501024965e-03
1.170501363611267803e-01,-1.621704830659440044e-01,-8.116232464929873380e-03
1.170485380277749149e-01,-1.621716366864456860e-01,-9.919839679358721796e-03
1.170466486724720395e-01,-1.621730003254022168e-01,-1.172344689378757021e-02
1.170440732474419127e-01,-1.621748590800912437e-01,-1.352705410821641863e-02
1.170402852534051380e-01,-1.621775928659738297e-01,-1.533066132264532255e-02
1.170347410399641269e-01,-1.621815938684428582e-01,-1.713426853707417097e-02
1.170269938949026201e-01,-1.621871841420352012e-01,-1.893787575150301938e-02
1.170167661453350716e-01,-1.621945635367842975e-01,-2.074148296593186780e-02
1.170039536592276941e-01,-1.622038064538230961e-01,-2.254509018036071621e-02
1.169885631158403272e-01,-1.622149071450926794e-01,-2.434869739478956463e-02
1.169706082401965885e-01,-1.622278545993827148e-01,-2.615230460921846856e-02
1.169500069485579496e-01,-1.622427066919565619e-01,-2.795591182364737248e-02
1.169265209813131201e-01,-1.622596335852098115e-01,-2.975951903807610988e-02
1.168997632512525781e-01,-1.622789122215240187e-01,-3.156312625250501380e-02
1.168692720746729585e-01,-1.623008725938837049e-01,-3.336673346693391773e-02
1.168346256636526026e-01,-1.623258150943163169e-01,-3.517034068136265512e-02
1.167955546332224426e-01,-1.623539294809890066e-01,-3.697394789579161456e-02
1.167894227882611963e-01,-1.623583404842042222e-01,-3.722787281052331032e-02
1.167528511357314724e-01,-1.623846413663488641e-01,-3.877755511022040746e-02
1.167060825179308953e-01,-1.624182572967642346e-01,-4.058116232464931139e-02
1.166554306118450096e-01,-1.624546413888043606e-01,-4.238476953907815981e-02
1.166012592841429996e-01,-1.624935270506245866e-01,-4.418837675350700822e-02
1.165438724635957657e-01,-1.625346910391413102e-01,-4.599198396793591215e-02
1.164834521820082014e-01,-1.625779977972474921e-01,-4.779559118236470505e-02
1.164200631631661653e-01,-1.626233958970369209e-01,-4.959919839679355347e-02
1.163537224958612892e-01,-1.626708678939044195e-01,-5.140280561122245739e-02
1.162845077686697759e-01,-1.627203529156638351e-01,-5.320641282565130581e-02
1.162126620843292879e-01,-1.627716718943240937e-01,-5.501002004008020974e-02
1.161386553603109689e-01,-1.628244844336960151e-01,-5.681362725450900264e-02
1.160631778970419997e-01,-1.628782942458558147e-01,-5.861723446893785106e-02
1.159870679976732211e-01,-1.629325015376095198e-01,-6.042084168336675498e-02
1.159112005371733672e-01,-1.629864828445327929e-01,-6.222444889779560340e-02
1.158363781595155573e-01,-1.630396684702398180e-01,-6.402805611222445181e-02
1.157632655755509998e-01,-1.630915888183215312e-01,-6.583166332665330023e-02
1.156923907303993859e-01,-1.631418730034830955e-01,-6.763527054108214864e-02
1.156242108207527902e-01,-1.631902015198158917e-01,-6.943887775551099706e-02
1.155592161358350856e-01,-1.632362323936427939e-01,-7.124248496993990099e-02
1.154980300309436658e-01,-1.632795304346850440e-01,-7.304609218436874940e-02
1.154414646350082202e-01,-1.633195280513758674e-01,-7.484969939879759782e-02
1.153905086620188175e-01,-1.633555340682419921e-01,-7.665330661322644623e-02
1.153462495284754419e-01,-1.633867886939292524e-01,-7.845691382765529465e-02
1.153097569835300623e-01,-1.634125452479069929e-01,-8.026052104208419857e-02
1.152819700664284852e-01,-1.634321491555535133e-01,-8.206412825651304699e-02
1.152636278413935317e-01,-1.634450858754729896e-01,-8.386773547094183989e-02
1.152552675531082899e-01,-1.634509813407720724e-01,-8.567134268537074382e-02
1.152572880011931283e-01,-1.634495566302032743e-01,-8.747494989979959223e-02
1.152700508828142650e-01,-1.634405560730671780e-01,-8.927855711422844065e-02
1.152939781406743802e-01,-1.634236782247227016e-01,-9.108216432865734458e-02
1.153296046185143808e-01,-1.633985382386793361e-01,-9.288577154308613748e-02
1.153775621459212364e-01,-1.633646784138605978e-01,-9.468937875751504141e-02
1.154384971910195068e-01,-1.633216255315841081e-01,-9.649298597194388982e-02
1.155129495393671518e-01,-1.632689758916727740e-01,-9.829659318637273824e-02
1.156012344227033695e-01,-1.632064784251752165e-01,-1.001002004008016422e-01
1.157033694001575325e-01,-1.631340869023107931e-01,-1.019038076152304351e-01
1.158190704609700639e-01,-1.630519638567927698e-01,-1.037074148296592835e-01
1.159478156098909807e-01,-1.629604370861060247e-01,-1.055110220440881874e-01
1.160889485359272860e-01,-1.628599276305341681e-01,-1.073146292585170358e-01
1.162417796347331306e-01,-1.627508791599914795e-01,-1.091182364729459398e-01
1.164056426012663459e-01,-1.626337184306693995e-01,-1.109218436873747327e-01
1.165798818406748733e-01,-1.625088648351661058e-01,-1.127254509018035811e-01
1.167637727220233873e-01,-1.623767883033768733e-01,-1.145290581162324850e-01
1.167894227882611963e-01,-1.623583404842042222e-01,-1.147694792240502304e-01
1.169602379683061938e-01,-1.622353313381434681e-01,-1.163326653306613334e-01
1.171649881198298104e-01,-1.620875243776649932e-01,-1.181362725450901818e-01
1.173758200771618382e-01,-1.619349155099472082e-01,-1.199398797595190302e-01
1.175907588332746612e-01,-1.617789029416834556e-01,-1.217434869739478231e-01
1.178075550341194933e-01,-1.616211000361119643e-01,-1.235470941883767271e-01
1.180238179970392598e-01,-1.614632415920160824e-01,-1.253507014028056310e-01
1.182371486192100724e-01,-1.613070881467979223e-01,-1.271543086172344794e-01
1.184452266240297313e-01,-1.611543616846352611e-01,-1.289579158316633278e-01
1.186458248676582894e-01,-1.610067335283619783e-01,-1.307615230460921762e-01
1.188367524943638315e-01,-1.608658641744522277e-01,-1.325651302605210247e-01
1.190157574738673341e-01,-1.607334734052667802e-01,-1.343687374749499286e-01
1.191804362991762123e-01,-1.606114055835948518e-01,-1.361723446893787770e-01
1.193281974794692113e-01,-1.605016550889765692e-01,-1.379759519038075699e-01
1.194563060689638745e-01,-1.604063307365330704e-01,-1.397795591182364738e-01
1.195620060468621654e-01,-1.603275606689320842e-01,-1.415831663326653223e-01
1.196426875195177736e-01,-1.602673620020839962e-01,-1.433867735470942262e-01
1.196960480443211294e-01,-1.602275135005582496e-01,-1.451903807615230746e-01
1.197201989353330609e-01,-1.602094690300304158e-01,-1.469939879759518675e-01
1.197136878744287786e-01,-1.602143343633891104e-01,-1.487975951903807714e-01
1.196754407741492526e-01,-1.602429058508147985e-01,-1.506012024048096198e-01
1.196046563794789519e-01,-1.602957459583590205e-01,-1.524048096192384683e-01
1.195007045967003273e-01,-1.603732571250336969e-01,-1.542084168336673722e-01
1.193630770541193736e-01,-1.604757172788841835e-01,-1.560120240480961651e-01
1.191914167802696212e-01,-1.606032570214940280e-01,-1.578156312625250135e-01
1.189856214855046779e-01,-1.607557833476239706e-01,-1.596192384769539174e-01
1.187459843863285791e-01,-1.609328779091513395e-01,-1.614228456913827658e-01
1.184733198152708167e-01,-1.611337099800925210e-01,-1.632264529058116698e-01
1.181690246644172826e-01,-1.613570004984610229e-01,-1.650300601202404627e-01
1.178350496618559839e-01,-1.616010552910714937e-01,-1.668336673346693111e-01
1.174737876881614823e-01,-1.618638600991486320e-01,-1.686372745490982150e-01
1.170879168641654478e-01,-1.621432074568968373e-01,-1.704408817635270634e-01
1.167894227882611963e-01,-1.623583404842042222e-01,-1.717605909939653452e-01
1.166827045312674449e-01,-1.624350530620436717e-01,-1.722444889779559118e-01
1.162657007354353927e-01,-1.627337913049965723e-01,-1.740480961923847603e-01
1.158330411234267665e-01,-1.630420393153205472e-01,-1.758517034068136087e-01
1.153876630536018466e-01,-1.633575441019742280e-01,-1.776553106212424571e-01
1.149327093097629454e-01,-1.636779530991194220e-01,-1.794589178356713610e-01
1.144716177474473240e-01,-1.640007583222782284e-01,-1.812625250501002094e-01
1.140081517673300626e-01,-1.643232829838712772e-01,-1.830661322645290578e-01
1.135463490455492774e-01,-1.646427241587865853e-01,-1.848697394789579063e-01
1.130903976747680839e-01,-1.649562425425689094e-01,-1.866733466933867547e-01
1.126444769700681026e-01,-1.652610716658336476e-01,-1.884769539078156586e-01
1.122126139183529797e-01,-1.655546111638412088e-01,-1.902805611222445070e-01
1.117986005022737345e-01,-1.658344744790208047e-01,-1.920841683366732999e-01
1.116057963186880553e-01,-1.659642920271451605e-01,-1.929686880922535930e-01
1.114101940190357631e-01,-1.660956611975183683e-01,-1.938877755511022039e-01
1.110501329937885751e-01,-1.663366104081175356e-01,-1.956913827655310523e-01
1.107176476374281543e-01,-1.665581054816435702e-01,-1.974949899799599562e-01
1.104160727420762378e-01,-1.667581808494459639e-01,-1.992985971943887491e-01
1.101488431804699686e-01,-1.669348146613049699e-01,-2.011022044088176530e-01
1.099194616210474318e-01,-1.670859418291649190e-01,-2.029058116232465014e-01
1.097313964119292495e-01,-1.672095112171794185e-01,-2.047094188376753499e-01
1.095879436705561594e-01,-1.673035642240147114e-01,-2.065130260521042260e-01
1.094921012136346183e-01,-1.673663041708909616e-01,-2.083166332665330467e-01
1.094464975285781017e-01,-1.673961295213451383e-01,-2.101202404809619229e-01
1.094533982392270899e-01,-1.673916175137965534e-01,-2.119238476953907990e-01
1.095147831838400587e-01,-1.673514632866904828e-01,-2.137274549098196474e-01
1.096324601636399776e-01,-1.672743963625871189e-01,-2.155310621242484959e-01
1.098081666675553847e-01,-1.671591054448138269e-01,-2.173346693386773443e-01
1.100436139861382112e-01,-1.670042006084571928e-01,-2.191382765531062204e-01
1.103404481118322872e-01,-1.668082297444585249e-01,-2.209418837675350966e-01
1.107001314615257553e-01,-1.665697478367573203e-01,-2.227454909819639173e-01
1.111237778824880201e-01,-1.662874198161829464e-01,-2.245490981963927934e-01
1.116057963186880553e-01,-1.659642920271451605e-01,-2.263299013402998716e-01
1.116121229980763935e-01,-1.659600373579804833e-01,-2.263527054108216696e-01
1.121767293436280177e-01,-1.655789279883356224e-01,-2.281563126252505180e-01
1.128065384637897683e-01,-1.651504916124003630e-01,-2.299599198396793664e-01
1.135002177394265205e-01,-1.646745292177960729e-01,-2.317635270541082149e-01
1.142558936597854458e-01,-1.641511217263037781e-01,-2.335671342685370910e-01
1.150712330554811980e-01,-1.635805958024702245e-01,-2.353707414829659395e-01
1.159434644884190374e-01,-1.629635328606455769e-01,-2.371743486973947879e-01
1.167894227882611963e-01,-1.623583404842042222e-01,-2.388231838286353770e-01
1.168711427312607021e-01,-1.622995255590394537e-01,-2.389779559118236640e-01
1.178690019827253743e-01,-1.615762927276037375e-01,-2.407815631262525125e-01
1.189126092270628710e-01,-1.608097987276019269e-01,-2.425851703406813609e-01
1.199958931131212270e-01,-1.600030800828046162e-01,-2.443887775551102093e-01
1.211115370577365707e-01,-1.591602827074408699e-01,-2.461923847695390855e-01
1.218566310213033410e-01,-1.585905466165557220e-01,-2.473745379799016375e-01
1.222606385849436539e-01,-1.582792982445960783e-01,-2.479959919839679616e-01
1.234423064868558906e-01,-1.573594514771996244e-01,-2.497995991983967545e-01
1.246272487026526127e-01,-1.564226610207331003e-01,-2.516032064128256307e-01
1.258037609692184977e-01,-1.554780168576887223e-01,-2.534068136272544791e-01
1.268023699144476546e-01,-1.546646662430679053e-01,-2.549664114686986949e-01
1.269637013445443219e-01,-1.545322572827219076e-01,-2.552104208416833830e-01
1.281154246284991471e-01,-1.535787679735039490e-01,-2.570140280561121759e-01
1.292191660507693851e-01,-1.526512598216722694e-01,-2.588176352705410799e-01
1.302609399049893257e-01,-1.517632614800721869e-01,-2.606212424849699838e-01
1.312262838658717345e-01,-1.509293292331005398e-01,-2.624248496993988322e-01
1.316217094476075100e-01,-1.505846127666754519e-01,-2.632426427043721429e-01
1.321137576277278958e-01,-1.501531053474485233e-01,-2.642284569138276806e-01
1.329030988720452944e-01,-1.494548972439757595e-01,-2.660320641282565290e-01
1.335683430683713702e-01,-1.488606654894766013e-01,-2.678356713426853775e-01
1.340955201505572847e-01,-1.483859544416232523e-01,-2.696392785571142259e-01
1.344720932373232036e-01,-1.480447774842890696e-01,-2.714428857715430743e-01
1.346873581354285643e-01,-1.478489619797812848e-01,-2.732464929859719227e-01
1.347326621646067757e-01,-1.478076782377625020e-01,-2.750501002004008266e-01
1.346014442513961407e-01,-1.479271821047041247e-01,-2.768537074148296195e-01
1.342891601293363657e-01,-1.482107333217047018e-01,-2.786573146292585235e-01
1.337931909399087127e-01,-1.486586090951921013e-01,-2.804609218436873719e-01
1.331128259311172568e-01,-1.492681331451294058e-01,-2.822645290581162758e-01
1.322493628527959819e-01,-1.500336829682905326e-01,-2.840681362725451242e-01
1.316217094476075100e-01,-1.505846127666754519e-01,-2.851513749162919442e-01
1.312176245192856749e-01,-1.509368577104868714e-01,-2.858717434869739726e-01
1.300341865582179401e-01,-1.519575938416457550e-01,-2.876753507014028211e-01
1.286902618910003293e-01,-1.530974085163617493e-01,-2.894789579158316695e-01
1.271964721967165091e-01,-1.543407187384778778e-01,-2.912825651302605179e-01
1.268023699144476546e-01,-1.546646662430679053e-01,-2.917156035453068452e-01
1.255971895850873932e-01,-1.556449355691588987e-01,-2.930861723446893663e-01
1.238884982828421522e-01,-1.570084073966175331e-01,-2.948897795591182147e-01
1.220751748895038125e-01,-1.584223837584104178e-01,-2.966933867735471186e-01
1.218566310213033410e-01,-1.585905466165557220e-01,-2.968985582612426177e-01
1.202129913900188696e-01,-1.598400347255444220e-01,-2.984969939879759115e-01
1.182840983633007409e-01,-1.612726637542177821e-01,-3.003006012024048155e-01
1.167894227882611963e-01,-1.623583404842042222e-01,-3.016537392691923669e-01
1.163089917993549022e-01,-1.627028531606548034e-01,-3.021042084168337194e-01
1.143258072815434984e-01,-1.641024368783821075e-01,-3.039078156312625123e-01
1.123148230746065235e-01,-1.654852879192583726e-01,-3.057114228456914162e-01
1.116057963186880553e-01,-1.659642920271451605e-01,-3.063371193225706279e-01
1.103171535603869047e-01,-1.668236363059324434e-01,-3.075150300601202646e-01
1.083332282025393223e-01,-1.681187427600401296e-01,-3.093186372745491131e-01
1.063601423459436673e-01,-1.693739062552157282e-01,-3.111222444889779615e-01
1.063109187641802511e-01,-1.694048067544597913e-01,-3.111670977810240268e-01
1.044463923861512766e-01,-1.705606962858621789e-01,-3.129258517034068099e-01
1.025650043382767551e-01,-1.716986309936374411e-01,-3.147294589178356583e-01
1.009100681738355487e-01,-1.726764550862446568e-01,-3.163477662872711260e-01
1.007267824322064798e-01,-1.727834346830011969e-01,-3.165330661322645067e-01
9.896485756849572601e-02,-1.737986103697246598e-01,-3.183366733466933551e-01
9.725473737628075044e-02,-1.747613116735814154e-01,-3.201402805611222591e-01
9.560112715857271848e-02,-1.756713536294703115e-01,-3.219438877755511075e-01
9.540862823297775741e-02,-1.757759757722921756e-01,-3.221591162478774084e-01
9.403185155107358917e-02,-1.765163190582583752e-01,-3.237474949899800114e-01
9.252880475478864053e-02,-1.773088274470569214e-01,-3.255511022044088598e-01
9.109167814662919027e-02,-1.780514144072742888e-01,-3.273547094188377082e-01
8.981208289658396127e-02,-1.787002791429748716e-01,-3.290395301745687728e-01
8.972444305138675691e-02,-1.787442987038144748e-01,-3.291583166332665567e-01
8.844688633521022303e-02,-1.793798993689270649e-01,-3.309619238476954051e-01
8.724042588104673202e-02,-1.799697421571014866e-01,-3.327655310621242535e-01
8.610600483345377809e-02,-1.805152512438249479e-01,-3.345691382765531019e-01
8.504400625182628737e-02,-1.810180018689835635e-01,-3.363727454909819503e-01
8.412601092275671932e-02,-1.814464501890963311e-01,-3.380445225994304081e-01
8.405540864388781619e-02,-1.814791676135556753e-01,-3.381763527054107987e-01
8.315115487955865303e-02,-1.818952595374482284e-01,-3.399799599198397027e-01
8.231752149738214008e-02,-1.822740399906910280e-01,-3.417835671342685511e-01
8.155420674098735889e-02,-1.826168430426073908e-01,-3.435871743486973995e-01
8.086108580712969562e-02,-1.829248064153465581e-01,-3.453907815631262479e-01
8.023819941901813579e-02,-1.831988846963700235e-01,-3.471943887775550963e-01
7.968566723344426561e-02,-1.834398932554224815e-01,-3.489979959919840002e-01
7.920356997372088315e-02,-1.836485624866633914e-01,-3.508016032064128487e-01
7.879185445840244939e-02,-1.838255794795869147e-01,-3.526052104208416971e-01
7.845030660712608295e-02,-1.839715994202581195e-01,-3.544088176352705455e-01
7.835608031169859211e-02,-1.840117514676349320e-01,-3.550330480214968221e-01
7.818098305517018343e-02,-1.840862131951417902e-01,-3.562124248496993939e-01
7.798156545303909504e-02,-1.841707779467018913e-01,-3.580160320641282423e-01
7.785072369558260208e-02,-1.842261241520161130e-01,-3.598196392785570907e-01
7.778873870523361767e-02,-1.842523056318397801e-01,-3.616232464929859947e-01
7.779632421199803027e-02,-1.842491029533161462e-01,-3.634268537074148431e-01
7.787461406226738048e-02,-1.842160266769775623e-01,-3.652304609218436915e-01
7.802506548466868475e-02,-1.841523531104426736e-01,-3.670340681362725399e-01
7.824931865758345817e-02,-1.840571762513593668e-01,-3.688376753507014438e-01
7.835608031169859211e-02,-1.840117514676349320e-01,-3.694815080781236327e-01
7.855168302818588133e-02,-1.839283368419326048e-01,-3.706412825651302922e-01
7.893373343849685586e-02,-1.837647020661485053e-01,-3.724448897795591407e-01
7.939579911573049764e-02,-1.835655389303084140e-01,-3.742484969939879891e-01
7.993986285706940198e-02,-1.833292620570784459e-01,-3.760521042084168375e-01
8.056833430292342779e-02,-1.830539360616219580e-01,-3.778557114228456859e-01
8.128426737959980330e-02,-1.827371551616193135e-01,-3.796593186372745343e-01
8.209150871685567952e-02,-1.823759419347585065e-01,-3.814629258517033827e-01
8.299473165898374472e-02,-1.819666851840008870e-01,-3.832665330661322867e-01
8.399935176772060919e-02,-1.815051208715686426e-01,-3.850701402805611351e-01
8.412601092275671932e-02,-1.814464501890963311e-01,-3.852777358978454747e-01
8.512587962836344613e-02,-1.809795143586626631e-01,-3.868737474949899835e-01
8.636971042467637971e-02,-1.803892267325228893e-01,-3.886773547094188319e-01
8.773582992758634236e-02,-1.797287515867109498e-01,-3.904809619238477358e-01
8.923153663184130169e-02,-1.789908737067908984e-01,-3.922845691382765843e-01
8.981208289658396127e-02,-1.787002791429748716e-01,-3.929322692187129373e-01
9.088165801253036968e-02,-1.781587051953776313e-01,-3.940881763527054327e-01
9.269001160795509175e-02,-1.772246081900511749e-01,-3.958917835671342811e-01
9.465814390292988378e-02,-1.761812583473401916e-01,-3.976953907815631295e-01
9.540862823297775741e-02,-1.757759757722921756e-01,-3.983356142512185505e-01
9.682286729672748282e-02,-1.750009496215386429e-01,-3.994989979959919779e-01
9.919117961884882373e-02,-1.736695421938495021e-01,-4.013026052104208263e-01
1.009100681738355487e-01,-1.726764550862446568e-01,-4.025145071627850846e-01
1.017834923800305380e-01,-1.721630642121714516e-01,-4.031062124248497303e-01
1.046392108890713823e-01,-1.704424698967732521e-01,-4.049098196392785787e-01
1.063109187641802511e-01,-1.694048067544597913e-01,-4.058904274166682535e-01
1.077764059475656566e-01,-1.684762485367760632e-01,-4.067134268537074271e-01
1.112277210111048825e-01,-1.662179114255615264e-01,-4.085170340681362755e-01
1.116057963186880553e-01,-1.659642920271451605e-01,-4.087028354882715209e-01
1.150565168666811272e-01,-1.635909469576697639e-01,-4.103206412825651239e-01
1.167894227882611963e-01,-1.623583404842042222e-01,-4.110810547002826665e-01
1.192871289870332946e-01,-1.605321801323051911e-01,-4.121242484969939723e-01
1.218566310213033410e-01,-1.585905466165557220e-01,-4.131343414930201963e-01
1.239819260099044584e-01,-1.569346425199821260e-01,-4.139278557114228763e-01
1.268023699144476546e-01,-1.546646662430679053e-01,-4.149240321830131029e-01
1.292137829302518748e-01,-1.526558164658450012e-01,-4.157314629258517247e-01
1.316217094476075100e-01,-1.505846127666754519e-01,-4.164976233786446547e-01
1.350659447418832426e-01,-1.475031883417526335e-01,-4.175350701402805731e-01
1.363098455983266788e-01,-1.463544532734154802e-01,-4.178925730025557783e-01
1.408621051305343763e-01,-1.419784044782666510e-01,-4.191338433054447865e-01
1.416530589717630018e-01,-1.411892732609040524e-01,-4.193386773547094215e-01
1.452739502529277471e-01,-1.374608285218369974e-01,-4.202392351823910910e-01
1.491138692969848356e-01,-1.332856105634877830e-01,-4.211422845691382699e-01
1.495409831423417379e-01,-1.328062286220863253e-01,-4.212391342202525535e-01
1.536589503275941349e-01,-1.280192445854214656e-01,-4.221311665214991793e-01
1.576233245100098213e-01,-1.231051890474651744e-01,-4.229458917835671183e-01
1.576237469294385074e-01,-1.231046481816358007e-01,-4.229459760618117792e-01
1.614314207523970257e-01,-1.180673383873057508e-01,-4.236731612269487024e-01
1.650781762243951345e-01,-1.129123365023837477e-01,-4.243381646800096774e-01
1.674358583000358225e-01,-1.093857091000937365e-01,-4.247494989979960223e-01
1.685603781802700873e-01,-1.076447811448578151e-01,-4.249418788920682477e-01
1.718745554853823854e-01,-1.022699231284653482e-01,-4.254852856411623363e-01
1.750174044957186759e-01,-9.679312022856786935e-02,-4.259815888281895391e-01
1.779857923510361206e-01,-9.121983184140308731e-02,-4.264342470830733145e-01
1.788002104651211788e-01,-8.961297192721805194e-02,-4.265531062124248707e-01
1.807767600977646660e-01,-8.555561354204208047e-02,-4.268401335956790721e-01
1.833875256385577301e-01,-7.980611154646828631e-02,-4.272063637562250049e-01
1.858154865055461069e-01,-7.397705708330938601e-02,-4.275377150037531493e-01
1.880582224545351566e-01,-6.807426068082252091e-02,-4.278361862753567446e-01
1.901134978775565754e-01,-6.210360637483382240e-02,-4.281035259250840497e-01
1.919792640313714160e-01,-5.607104584340286829e-02,-4.283412584267669576e-01
1.921083387311594282e-01,-5.562720728163614292e-02,-4.283567134268537191e-01
1.936536610797014168e-01,-4.998259247406175443e-02,-4.285469393941029326e-01
1.951350199471547364e-01,-4.384431536953829062e-02,-4.287257037099875823e-01
1.964218639829960755e-01,-3.766233329794370366e-02,-4.288788062329922379e-01
1.975129104331047325e-01,-3.144280859345021523e-02,-4.290070509261241227e-01
1.984070717186515731e-01,-2.519194101354367554e-02,-4.291111015539553764e-01
1.991034565202211837e-01,-1.891596155896907785e-02,-4.291914902188368464e-01
1.996013706662986831e-01,-1.262112626253492076e-02,-4.292486240865455160e-01
1.999003178252347634e-01,-6.313709952962049364e-03,-4.292827904617022017e-01
2.000000000000000111e-01,-4.898587196589413075e-17,-4.292941603318000676e-01
