-3.892627240706331149e-02,1.961752923191172338e-01,-3.940881763527054327e-01
-3.822240050527268146e-02,1.963136472576844094e-01,-3.922845691382765843e-01
-3.758020322732362473e-02,1.964375939717065978e-01,-3.904809619238477358e-01
-3.699557326361278820e-02,1.965485374122551421e-01,-3.886773547094188319e-01
-3.646483507293627607e-02,1.966476946295164785e-01,-3.868737474949899835e-01
-3.598460649946207818e-02,1.967361382539539461e-01,-3.850701402805611351e-01
-3.555174282625132159e-02,1.968148205344711632e-01,-3.832665330661322867e-01
-3.516335202055838327e-02,1.968845821152034603e-01,-3.814629258517033827e-01
-3.481685065576799881e-02,1.969461523117777280e-01,-3.796593186372745343e-01
-3.451002206756522556e-02,1.970001481646553587e-01,-3.778557114228456859e-01
-3.424104337631105055e-02,1.970470780004148770e-01,-3.760521042084168375e-01
-3.400846341622925512e-02,1.970873522478472084e-01,-3.742484969939879891e-01
-3.381113349390706124e-02,1.971213008577642478e-01,-3.724448897795591407e-01
-3.364811031128621399e-02,1.971491939432660212e-01,-3.706412825651302922e-01
-3.351855969682691200e-02,1.971712609784961878e-01,-3.688376753507014438e-01
-3.342168847563067174e-02,1.971877043312739164e-01,-3.670340681362725399e-01
-3.335672108816337827e-02,1.971987047580345542e-01,-3.652304609218436915e-01
-3.332292169229496975e-02,1.972044190424980803e-01,-3.634268537074148431e-01
-3.331964713778935716e-02,1.972049723374469377e-01,-3.616232464929859947e-01
-3.334640656846750428e-02,1.972004492108739293e-01,-3.598196392785570907e-01
-3.340290251370643670e-02,1.971908874762214603e-01,-3.580160320641282423e-01
-3.348903613985757671e-02,1.971762776259439187e-01,-3.562124248496993939e-01
-3.360487283709395062e-02,1.971565685479506058e-01,-3.544088176352705455e-01
-3.375057863999429003e-02,1.971316779248468709e-01,-3.526052104208416971e-01
-3.392634810464643241e-02,1.971015040639780558e-01,-3.508016032064128487e-01
-3.413234678136554956e-02,1.970659354206013292e-01,-3.489979959919840002e-01
-3.436868564995988057e-02,1.970248548957573842e-01,-3.471943887775550963e-01
-3.463543301296369975e-02,1.969781378224611801e-01,-3.453907815631262479e-01
-3.493265560710271528e-02,1.969256447805505239e-01,-3.435871743486973995e-01
-3.526046991531971847e-02,1.968672122557507953e-01,-3.417835671342685511e-01
-3.561908062008983106e-02,1.968026450426404728e-01,-3.399799599198397027e-01
-3.600878727777361704e-02,1.967317138612482419e-01,-3.381763527054107987e-01
-3.642995119005620203e-02,1.966541600279285429e-01,-3.363727454909819503e-01
-3.688292826288388365e-02,1.965697067270411325e-01,-3.345691382765531019e-01
-3.736798544767324509e-02,1.964780742566011595e-01,-3.327655310621242535e-01
-3.788522388138408636e-02,1.963789953418068890e-01,-3.309619238476954051e-01
-3.843452898987877175e-02,1.962722267192334447e-01,-3.291583166332665567e-01
-3.901555744750380417e-02,1.961575547284899468e-01,-3.273547094188377082e-01
-3.921158984079560483e-02,1.961184622164808267e-01,-3.267711508658542874e-01
-3.963039170677156581e-02,1.960342624470728934e-01,-3.255511022044088598e-01
-4.027710046542151701e-02,1.959024123845807819e-01,-3.237474949899800114e-01
-4.095355708050798377e-02,1.957621162596419606e-01,-3.219438877755511075e-01
-4.165871586608912297e-02,1.956132699803069530e-01,-3.201402805611222591e-01
-4.239131650942510460e-02,1.954558167069932739e-01,-3.183366733466933551e-01
-4.314978896569343636e-02,1.952897737010725332e-01,-3.165330661322645067e-01
-4.393213712474508537e-02,1.951152667723686784e-01,-3.147294589178356583e-01
-4.473583086413407406e-02,1.949325663835973499e-01,-3.129258517034068099e-01
-4.538322179231801118e-02,1.947828616171075611e-01,-3.114998673289259834e-01
-4.555902409356134969e-02,1.947418170903267853e-01,-3.111222444889779615e-01
-4.640155712443238406e-02,1.945427857732792976e-01,-3.093186372745491131e-01
-4.725428212557764018e-02,1.943374200219718795e-01,-3.075150300601202646e-01
-4.811232913310740239e-02,1.941267724591009269e-01,-3.057114228456914162e-01
-4.897041009155386065e-02,1.939120907407917427e-01,-3.039078156312625123e-01
-4.982288382929488807e-02,1.936948121322111804e-01,-3.021042084168337194e-01
-5.066378369062327081e-02,1.934765645295309089e-01,-3.003006012024048710e-01
-5.148681346231555322e-02,1.932591732350542879e-01,-2.984969939879759115e-01
-5.150961476137934369e-02,1.932530972252043677e-01,-2.984447422826719265e-01
-5.229189138113560231e-02,1.930428918551095607e-01,-2.966933867735471186e-01
-5.306543698997931435e-02,1.928316867038779581e-01,-2.948897795591182147e-01
-5.380003290320890807e-02,1.926280261530332050e-01,-2.930861723446893663e-01
-5.448841827843758923e-02,1.924344362984807266e-01,-2.912825651302605179e-01
-5.512355373053545032e-02,1.922534624502684197e-01,-2.894789579158316695e-01
-5.569891437357378516e-02,1.920875606009022629e-01,-2.876753507014028211e-01
-5.620876457090576844e-02,1.919389871428222871e-01,-2.858717434869739726e-01
-5.664836547376694148e-02,1.918097043664645507e-01,-2.840681362725451242e-01
-5.701408908854432162e-02,1.917013136246163985e-01,-2.822645290581162758e-01
-5.730344405764599414e-02,1.916150184592330941e-01,-2.804609218436873719e-01
-5.751504542885534088e-02,1.915516106675083652e-01,-2.786573146292585235e-01
-5.758466182623328544e-02,1.915306939431859201e-01,-2.777159717614184897e-01
-5.764918164880040996e-02,1.915112838848500310e-01,-2.768537074148296195e-01
-5.770589175249010716e-02,1.914942037165874578e-01,-2.750501002004008266e-01
-5.768630752831214320e-02,1.915001042395251540e-01,-2.732464929859719227e-01
-5.759331822754709673e-02,1.915280911394996732e-01,-2.714428857715430743e-01
-5.758466182623328544e-02,1.915306939431859201e-01,-2.713469969540343030e-01
-5.743236277443829890e-02,1.915764174060714531e-01,-2.696392785571142259e-01
-5.720770098296895645e-02,1.916436248567721379e-01,-2.678356713426853775e-01
-5.692510496146113014e-02,1.917277560112949364e-01,-2.660320641282565290e-01
-5.659107975732868834e-02,1.918266136173489012e-01,-2.642284569138276806e-01
-5.621250646703828541e-02,1.919378913000066855e-01,-2.624248496993988322e-01
-5.579636965960493161e-02,1.920592750502009005e-01,-2.606212424849699838e-01
-5.534953474760111874e-02,1.921885246398028491e-01,-2.588176352705410799e-01
-5.487860407246952787e-02,1.923235264211249351e-01,-2.570140280561122315e-01
-5.438985344773435149e-02,1.924623179792189498e-01,-2.552104208416833830e-01
-5.388922619537083597e-02,1.926030926544642918e-01,-2.534068136272544791e-01
-5.338234822235547045e-02,1.927441954982488936e-01,-2.516032064128256307e-01
-5.287452930752355867e-02,1.928841210429408093e-01,-2.497995991983967823e-01
-5.237073036958393019e-02,1.930215184909608583e-01,-2.479959919839679616e-01
-5.187549726199444655e-02,1.931552038745547595e-01,-2.461923847695390855e-01
-5.150961476137938533e-02,1.932530972252043677e-01,-2.448280061217200099e-01
-5.139385854553879529e-02,1.932839137222783776e-01,-2.443887775551102370e-01
-5.093125665871189867e-02,1.934063264093613399e-01,-2.425851703406813609e-01
-5.048749901244906774e-02,1.935226406482403183e-01,-2.407815631262525125e-01
-5.006489888493072249e-02,1.936323988893430548e-01,-2.389779559118236640e-01
-4.966528238901763564e-02,1.937352826028835295e-01,-2.371743486973947879e-01
-4.929008904656715512e-02,1.938310788335593227e-01,-2.353707414829659395e-01
-4.894047257361759662e-02,1.939196486802484687e-01,-2.335671342685370910e-01
-4.861737617902527064e-02,1.940009039501289223e-01,-2.317635270541082149e-01
-4.832156736891957127e-02,1.940747951873477428e-01,-2.299599198396793664e-01
-4.805363246050806114e-02,1.941413104090687902e-01,-2.281563126252505180e-01
-4.781394515540540735e-02,1.942004805572733195e-01,-2.263527054108216419e-01
-4.760263167262680783e-02,1.942523859772132544e-01,-2.245490981963927934e-01
-4.741955452230681156e-02,1.942971586228320890e-01,-2.227454909819639173e-01
-4.726432858048158769e-02,1.943349768925714260e-01,-2.209418837675350966e-01
-4.713637005411478592e-02,1.943660531526057167e-01,-2.191382765531062204e-01
-4.703496605218765447e-02,1.943906169764105796e-01,-2.173346693386773443e-01
-4.695934441843813145e-02,1.944088989007203561e-01,-2.155310621242484959e-01
-4.690872302476772199e-02,1.944211194911335538e-01,-2.137274549098196474e-01
-4.688232489767314021e-02,1.944274867712613986e-01,-2.119238476953907990e-01
-4.687935764155934382e-02,1.944282022421510159e-01,-2.101202404809619229e-01
-4.689896817947721702e-02,1.944234728208000806e-01,-2.083166332665330467e-01
-4.694019228194556276e-02,1.944135240885622729e-01,-2.065130260521042260e-01
-4.700191966343020972e-02,1.943986099434675818e-01,-2.047094188376753499e-01
-4.708288917662027673e-02,1.943790151914092101e-01,-2.029058116232465014e-01
-4.718171715249000475e-02,1.943550502727995344e-01,-2.011022044088176530e-01
-4.729694943699620097e-02,1.943270402541916742e-01,-1.992985971943887491e-01
-4.742711875789727000e-02,1.942953123632279455e-01,-1.974949899799599562e-01
-4.757078703039751416e-02,1.942601869177227325e-01,-1.956913827655310523e-01
-4.772655787893954893e-02,1.942219752577659109e-01,-1.938877755511022039e-01
-4.789305595936879656e-02,1.941809856573829540e-01,-1.920841683366732999e-01
-4.806888241163956993e-02,1.941375351231594548e-01,-1.902805611222445070e-01
-4.825256515890584408e-02,1.940919626248999164e-01,-1.884769539078156586e-01
-4.844252520098787929e-02,1.940446385555438802e-01,-1.866733466933867547e-01
-4.863707451667742543e-02,1.939959664077043899e-01,-1.848697394789579063e-01
-4.883444967479133592e-02,1.939463753849508532e-01,-1.830661322645290578e-01
-4.903287203777823705e-02,1.938963059465725614e-01,-1.812625250501002094e-01
-4.923061552771428734e-02,1.938461928817855062e-01,-1.794589178356713610e-01
-4.942606015833190397e-02,1.937964514051404574e-01,-1.776553106212424571e-01
-4.961771509921772405e-02,1.937474705598317415e-01,-1.758517034068136087e-01
-4.980420690906704057e-02,1.936996153175293278e-01,-1.740480961923847603e-01
-4.998424223164617264e-02,1.936532352648107080e-01,-1.722444889779559118e-01
-5.015656438451762678e-02,1.936086750358613218e-01,-1.704408817635270634e-01
-5.031992587252023807e-02,1.935662807933863083e-01,-1.686372745490982150e-01
-5.047309280415600979e-02,1.935263984648685209e-01,-1.668336673346693111e-01
-5.061488472965483543e-02,1.934893626114979892e-01,-1.650300601202404627e-01
-5.074423934073423598e-02,1.934554785311863034e-01,-1.632264529058116698e-01
-5.086028126227942064e-02,1.934250030113010832e-01,-1.614228456913827658e-01
-5.096237187538232155e-02,1.933981299103878226e-01,-1.596192384769539174e-01
-5.105012372701977358e-02,1.933749851130077690e-01,-1.578156312625250135e-01
-5.112337608308949177e-02,1.933556319786599864e-01,-1.560120240480961651e-01
-5.118214249593591725e-02,1.933400845389432465e-01,-1.542084168336673722e-01
-5.122655126960559691e-02,1.933283229250760127e-01,-1.524048096192384683e-01
-5.125680150283316167e-02,1.933203049338045043e-01,-1.506012024048096198e-01
-5.127315031354708064e-02,1.933159694824108654e-01,-1.487975951903807714e-01
-5.127593373537386173e-02,1.933152312146292351e-01,-1.469939879759518675e-01
-5.126560981105635767e-02,1.933179692907530112e-01,-1.451903807615230746e-01
-5.124280307404339985e-02,1.933240159243408973e-01,-1.433867735470942262e-01
-5.120832854227511804e-02,1.933331505146140827e-01,-1.415831663326653223e-01
-5.116318091597857332e-02,1.933451031667439146e-01,-1.397795591182364738e-01
-5.110848785041765402e-02,1.933595678254471928e-01,-1.379759519038075699e-01
-5.104543977079015887e-02,1.933762215956414954e-01,-1.361723446893787770e-01
-5.097521742178717091e-02,1.933947445221858574e-01,-1.343687374749499286e-01
-5.089893889596161514e-02,1.934148340207264560e-01,-1.325651302605210247e-01
-5.081764018832005819e-02,1.934362102753526269e-01,-1.307615230460922318e-01
-5.073229047907828332e-02,1.934586123767727817e-01,-1.289579158316633833e-01
-5.064383035568244262e-02,1.934817884114803654e-01,-1.271543086172344794e-01
-5.055321300408595342e-02,1.935054848188121068e-01,-1.253507014028056310e-01
-5.046142805274025922e-02,1.935294403414584419e-01,-1.235470941883767271e-01
-5.036949522045097022e-02,1.935533878578129530e-01,-1.217434869739478787e-01
-5.027842719606722549e-02,1.935770641338734888e-01,-1.199398797595190302e-01
-5.018917347794542988e-02,1.936002243428470437e-01,-1.181362725450901818e-01
-5.010256452640814845e-02,1.936226562876284807e-01,-1.163326653306613334e-01
-5.001927571486929763e-02,1.936441893188636243e-01,-1.145290581162324850e-01
-4.993982328737985726e-02,1.936646948982319871e-01,-1.127254509018035811e-01
-4.986459271691610906e-02,1.936840788324535323e-01,-1.109218436873747327e-01
-4.979388803200418545e-02,1.937022682227965975e-01,-1.091182364729459398e-01
-4.972798328929575046e-02,1.937191980108825540e-01,-1.073146292585170358e-01
-4.966715713820801792e-02,1.937348019892362050e-01,-1.055110220440881319e-01
-4.961169834817127922e-02,1.937490113187937402e-01,-1.037074148296592835e-01
-4.956188155002842072e-02,1.937617606681487636e-01,-1.019038076152304351e-01
-4.951792392935215614e-02,1.937729991761671933e-01,-1.001002004008016422e-01
-4.947994086284560750e-02,1.937827016330645191e-01,-9.829659318637273824e-02
-4.944791882520993553e-02,1.937908752337308971e-01,-9.649298597194388982e-02
-4.942171726787475405e-02,1.937975589688741562e-01,-9.468937875751504141e-02
-4.940110015268742855e-02,1.938028155205804848e-01,-9.288577154308613748e-02
-4.938578660350244343e-02,1.938067183602088794e-01,-9.108216432865734458e-02
-4.937550295137141387e-02,1.938093385477054897e-01,-8.927855711422844065e-02
-4.937001799335694746e-02,1.938107358309534289e-01,-8.747494989979959223e-02
-4.936914971250162820e-02,1.938109570087940270e-01,-8.567134268537074382e-02
-4.937274256133351857e-02,1.938100417727943447e-01,-8.386773547094183989e-02
-4.938062555999590819e-02,1.938080334230330160e-01,-8.206412825651304699e-02
-4.939256866846021554e-02,1.938049900294918915e-01,-8.026052104208414306e-02
-4.940825543917408413e-02,1.938009914692319924e-01,-7.845691382765523914e-02
-4.942728365889851455e-02,1.937961393580965863e-01,-7.665330661322644623e-02
-4.944919495449596331e-02,1.937905496105324921e-01,-7.484969939879759782e-02
-4.947352324664051199e-02,1.937843401763004181e-01,-7.304609218436874940e-02
-4.949984470108022283e-02,1.937776183530207086e-01,-7.124248496993984547e-02
-4.952781120698963174e-02,1.937704722527268664e-01,-6.943887775551099706e-02
-4.955715565404232581e-02,1.937629694329673080e-01,-6.763527054108214864e-02
-4.958766800927547069e-02,1.937551629799884323e-01,-6.583166332665330023e-02
-4.961915230905784152e-02,1.937471024922192697e-01,-6.402805611222445181e-02
-4.965138192346151697e-02,1.937388455449514657e-01,-6.222444889779560340e-02
-4.968407104750249825e-02,1.937304650387923211e-01,-6.042084168336675498e-02
-4.971687409893738724e-02,1.937220494157296802e-01,-5.861723446893785106e-02
-4.974941395311176934e-02,1.937136954665878430e-01,-5.681362725450900264e-02
-4.978132882651385704e-02,1.937054963088722104e-01,-5.501002004008009871e-02
-4.981232038573366050e-02,1.936975289924706967e-01,-5.320641282565130581e-02
-4.984218509070435787e-02,1.936898463662563019e-01,-5.140280561122245739e-02
-4.987081711829861874e-02,1.936824762335333794e-01,-4.959919839679355347e-02
-4.989818203560939663e-02,1.936754280479100754e-01,-4.779559118236470505e-02
-4.992427154386339105e-02,1.936687045209282143e-01,-4.599198396793591215e-02
-4.994905680285711969e-02,1.936623136402768619e-01,-4.418837675350700822e-02
-4.997245830934606003e-02,1.936562764552718363e-01,-4.238476953907815981e-02
-4.999434386796135915e-02,1.936506276292747630e-01,-4.058116232464931139e-02
-5.001455533227492506e-02,1.936454085562444027e-01,-3.877755511022040746e-02
-5.003295367058387122e-02,1.936406557182587251e-01,-3.697394789579161456e-02
-5.004946479183911695e-02,1.936363888169020386e-01,-3.517034068136271063e-02
-5.006410819098364162e-02,1.936326033266130842e-01,-3.336673346693386222e-02
-5.007699699441225255e-02,1.936292704423110411e-01,-3.156312625250501380e-02
-5.008830890200602348e-02,1.936263445694754448e-01,-2.975951903807616539e-02
-5.009823862931325755e-02,1.936237756223144757e-01,-2.795591182364731697e-02
-5.010694947751525435e-02,1.936215215673550427e-01,-2.615230460921846856e-02
-5.011454190890347882e-02,1.936195565774820049e-01,-2.434869739478956463e-02
-5.012105040316955362e-02,1.936178718674568533e-01,-2.254509018036071621e-02
-5.012646896149497433e-02,1.936164691069751920e-01,-2.074148296593186780e-02
-5.013079459634263435e-02,1.936153491672065463e-01,-1.893787575150301938e-02
-5.013407122039456598e-02,1.936145007556727693e-01,-1.713426853707417097e-02
-5.013641618384282600e-02,1.936138935413481699e-01,-1.533066132264532255e-02
-5.013801837117642934e-02,1.936134786470497249e-01,-1.352705410821641863e-02
-5.013910769822417512e-02,1.936131965523679721e-01,-1.172344689378757021e-02
-5.013990684541677623e-02,1.936129895991819394e-01,-9.919839679358721796e-03
-5.014058290262103645e-02,1.936128145195596117e-01,-8.116232464929873380e-03
-5.014121667219976347e-02,1.936126503889441519e-01,-6.312625250501024965e-03
-5.014180067032511512e-02,1.936124991459420019e-01,-4.509018036072121038e-03
-5.014226595999872471e-02,1.936123786445400619e-01,-2.705410821643272623e-03
-5.014252701343302476e-02,1.936123110360163657e-01,-9.018036072145352300e-04
-5.014252701343302476e-02,1.936123110360163657e-01,9.018036072144242077e-04
-5.014226595999872471e-02,1.936123786445400619e-01,2.705410821643272623e-03
-5.014180067032511512e-02,1.936124991459420019e-01,4.509018036072176550e-03
-5.014121667219963163e-02,1.936126503889442074e-01,6.312625250501024965e-03
-5.014058290262103645e-02,1.936128145195596117e-01,8.116232464929817869e-03
-5.013990684541672765e-02,1.936129895991819394e-01,9.919839679358721796e-03
-5.013910769822414043e-02,1.936131965523679999e-01,1.172344689378757021e-02
-5.013801837117638771e-02,1.936134786470497249e-01,1.352705410821641863e-02
-5.013641618384282600e-02,1.936138935413481699e-01,1.533066132264532255e-02
-5.013407122039451741e-02,1.936145007556727693e-01,1.713426853707411546e-02
-5.013079459634255802e-02,1.936153491672065741e-01,1.893787575150301938e-02
-5.012646896149493270e-02,1.936164691069752197e-01,2.074148296593186780e-02
-5.012105040316955362e-02,1.936178718674568533e-01,2.254509018036071621e-02
-5.011454190890335392e-02,1.936195565774820604e-01,2.434869739478962014e-02
-5.010694947751520578e-02,1.936215215673550705e-01,2.615230460921841305e-02
-5.009823862931320898e-02,1.936237756223145035e-01,2.795591182364726146e-02
-5.008830890200588470e-02,1.936263445694754726e-01,2.975951903807616539e-02
-5.007699699441221786e-02,1.936292704423110411e-01,3.156312625250501380e-02
-5.006410819098350284e-02,1.936326033266131119e-01,3.336673346693391773e-02
-5.004946479183911695e-02,1.936363888169020386e-01,3.517034068136271063e-02
-5.003295367058387122e-02,1.936406557182587251e-01,3.697394789579155905e-02
-5.001455533227492506e-02,1.936454085562444027e-01,3.877755511022046297e-02
-4.999434386796144936e-02,1.936506276292747630e-01,4.058116232464931139e-02
-4.997245830934601840e-02,1.936562764552718363e-01,4.238476953907815981e-02
-4.994905680285702948e-02,1.936623136402768619e-01,4.418837675350700822e-02
-4.992427154386347432e-02,1.936687045209281866e-01,4.599198396793585664e-02
-4.989818203560944521e-02,1.936754280479100476e-01,4.779559118236470505e-02
-4.987081711829866038e-02,1.936824762335333516e-01,4.959919839679360898e-02
-4.984218509070439951e-02,1.936898463662563019e-01,5.140280561122251290e-02
-4.981232038573374377e-02,1.936975289924706689e-01,5.320641282565125030e-02
-4.978132882651394725e-02,1.937054963088721826e-01,5.501002004008009871e-02
-4.974941395311185954e-02,1.937136954665878152e-01,5.681362725450905815e-02
-4.971687409893743581e-02,1.937220494157296802e-01,5.861723446893790657e-02
-4.968407104750258152e-02,1.937304650387922933e-01,6.042084168336675498e-02
-4.965138192346164187e-02,1.937388455449514379e-01,6.222444889779560340e-02
-4.961915230905797336e-02,1.937471024922192697e-01,6.402805611222445181e-02
-4.958766800927559559e-02,1.937551629799884045e-01,6.583166332665341125e-02
-4.955715565404236744e-02,1.937629694329673080e-01,6.763527054108214864e-02
-4.952781120698967338e-02,1.937704722527268664e-01,6.943887775551099706e-02
-4.949984470108026446e-02,1.937776183530206808e-01,7.124248496993995650e-02
-4.947352324664068546e-02,1.937843401763003903e-01,7.304609218436869389e-02
-4.944919495449609514e-02,1.937905496105324643e-01,7.484969939879765333e-02
-4.942728365889868802e-02,1.937961393580965308e-01,7.665330661322650174e-02
-4.940825543917420903e-02,1.938009914692319646e-01,7.845691382765523914e-02
-4.939256866846038901e-02,1.938049900294918360e-01,8.026052104208419857e-02
-4.938062555999599840e-02,1.938080334230329882e-01,8.206412825651304699e-02
-4.937274256133356021e-02,1.938100417727943447e-01,8.386773547094189540e-02
-4.936914971250180167e-02,1.938109570087939715e-01,8.567134268537074382e-02
-4.937001799335712093e-02,1.938107358309534012e-01,8.747494989979959223e-02
-4.937550295137162898e-02,1.938093385477054342e-01,8.927855711422844065e-02
-4.938578660350248506e-02,1.938067183602088794e-01,9.108216432865728907e-02
-4.940110015268760202e-02,1.938028155205804293e-01,9.288577154308624850e-02
-4.942171726787492059e-02,1.937975589688741007e-01,9.468937875751509692e-02
-4.944791882521015064e-02,1.937908752337308416e-01,9.649298597194383431e-02
-4.947994086284578097e-02,1.937827016330644636e-01,9.829659318637279375e-02
-4.951792392935224635e-02,1.937729991761671933e-01,1.001002004008016422e-01
-4.956188155002859419e-02,1.937617606681487081e-01,1.019038076152304906e-01
-4.961169834817136248e-02,1.937490113187937124e-01,1.037074148296593390e-01
-4.966715713820806649e-02,1.937348019892362050e-01,1.055110220440881874e-01
-4.972798328929587536e-02,1.937191980108825262e-01,1.073146292585170358e-01
-4.979388803200435198e-02,1.937022682227965698e-01,1.091182364729458842e-01
-4.986459271691610906e-02,1.936840788324535323e-01,1.109218436873748437e-01
-4.993982328737994053e-02,1.936646948982319594e-01,1.127254509018035811e-01
-5.001927571486937396e-02,1.936441893188635965e-01,1.145290581162324295e-01
-5.010256452640814845e-02,1.936226562876284807e-01,1.163326653306613889e-01
-5.018917347794542988e-02,1.936002243428470437e-01,1.181362725450901263e-01
-5.027842719606731570e-02,1.935770641338734610e-01,1.199398797595190858e-01
-5.036949522045088001e-02,1.935533878578129530e-01,1.217434869739479342e-01
-5.046142805274016901e-02,1.935294403414584696e-01,1.235470941883766716e-01
-5.055321300408595342e-02,1.935054848188121068e-01,1.253507014028056310e-01
-5.064383035568235242e-02,1.934817884114803932e-01,1.271543086172344794e-01
-5.073229047907815148e-02,1.934586123767728372e-01,1.289579158316634389e-01
-5.081764018831988472e-02,1.934362102753526824e-01,1.307615230460921762e-01
-5.089893889596139309e-02,1.934148340207265393e-01,1.325651302605210247e-01
-5.097521742178695581e-02,1.933947445221858852e-01,1.343687374749499841e-01
-5.104543977078990213e-02,1.933762215956415509e-01,1.361723446893787215e-01
-5.110848785041743891e-02,1.933595678254472761e-01,1.379759519038076809e-01
-5.116318091597831658e-02,1.933451031667439979e-01,1.397795591182364183e-01
-5.120832854227486131e-02,1.933331505146141382e-01,1.415831663326652667e-01
-5.124280307404305290e-02,1.933240159243410083e-01,1.433867735470942262e-01
-5.126560981105605930e-02,1.933179692907530944e-01,1.451903807615230746e-01
-5.127593373537356336e-02,1.933152312146292906e-01,1.469939879759519230e-01
-5.127315031354678226e-02,1.933159694824109487e-01,1.487975951903807714e-01
-5.125680150283282166e-02,1.933203049338046153e-01,1.506012024048096198e-01
-5.122655126960524996e-02,1.933283229250760960e-01,1.524048096192383572e-01
-5.118214249593566051e-02,1.933400845389433020e-01,1.542084168336672056e-01
-5.112337608308928361e-02,1.933556319786600142e-01,1.560120240480962761e-01
-5.105012372701951684e-02,1.933749851130078523e-01,1.578156312625250135e-01
-5.096237187538210645e-02,1.933981299103878781e-01,1.596192384769538619e-01
-5.086028126227916391e-02,1.934250030113011665e-01,1.614228456913828214e-01
-5.074423934073393760e-02,1.934554785311863867e-01,1.632264529058115587e-01
-5.061488472965465502e-02,1.934893626114980447e-01,1.650300601202405182e-01
-5.047309280415584326e-02,1.935263984648685487e-01,1.668336673346693666e-01
-5.031992587252005766e-02,1.935662807933863361e-01,1.686372745490982150e-01
-5.015656438451746024e-02,1.936086750358613495e-01,1.704408817635270634e-01
-4.998424223164604774e-02,1.936532352648107358e-01,1.722444889779559118e-01
-4.980420690906695730e-02,1.936996153175293556e-01,1.740480961923848713e-01
-4.961771509921768242e-02,1.937474705598317692e-01,1.758517034068136087e-01
-4.942606015833186234e-02,1.937964514051404574e-01,1.776553106212424571e-01
-4.923061552771420407e-02,1.938461928817855062e-01,1.794589178356714165e-01
-4.903287203777832032e-02,1.938963059465725336e-01,1.812625250501001539e-01
-4.883444967479137755e-02,1.939463753849508532e-01,1.830661322645291134e-01
-4.863707451667742543e-02,1.939959664077043899e-01,1.848697394789579618e-01
-4.844252520098796949e-02,1.940446385555438524e-01,1.866733466933866992e-01
-4.825256515890592734e-02,1.940919626248999164e-01,1.884769539078156586e-01
-4.806888241163961850e-02,1.941375351231594548e-01,1.902805611222445070e-01
-4.789305595936884513e-02,1.941809856573829540e-01,1.920841683366733554e-01
-4.772655787893972240e-02,1.942219752577658831e-01,1.938877755511022039e-01
-4.757078703039772233e-02,1.942601869177226492e-01,1.956913827655310523e-01
-4.742711875789744347e-02,1.942953123632278900e-01,1.974949899799599007e-01
-4.729694943699637444e-02,1.943270402541916186e-01,1.992985971943887491e-01
-4.718171715249021986e-02,1.943550502727994789e-01,2.011022044088177085e-01
-4.708288917662045020e-02,1.943790151914091824e-01,2.029058116232465570e-01
-4.700191966343047340e-02,1.943986099434675263e-01,2.047094188376752943e-01
-4.694019228194573623e-02,1.944135240885622451e-01,2.065130260521042538e-01
-4.689896817947747376e-02,1.944234728208000251e-01,2.083166332665331022e-01
-4.687935764155960749e-02,1.944282022421509604e-01,2.101202404809619506e-01
-4.688232489767335531e-02,1.944274867712613153e-01,2.119238476953907990e-01
-4.690872302476789546e-02,1.944211194911334983e-01,2.137274549098196474e-01
-4.695934441843830492e-02,1.944088989007203283e-01,2.155310621242484959e-01
-4.703496605218795285e-02,1.943906169764104963e-01,2.173346693386773443e-01
-4.713637005411504266e-02,1.943660531526056612e-01,2.191382765531063037e-01
-4.726432858048176117e-02,1.943349768925713983e-01,2.209418837675350411e-01
-4.741955452230693646e-02,1.942971586228320613e-01,2.227454909819638895e-01
-4.760263167262711315e-02,1.942523859772131711e-01,2.245490981963928490e-01
-4.781394515540557388e-02,1.942004805572732640e-01,2.263527054108215864e-01
-4.805363246050823461e-02,1.941413104090687902e-01,2.281563126252505458e-01
-4.832156736891973781e-02,1.940747951873477151e-01,2.299599198396793942e-01
-4.861737617902531228e-02,1.940009039501289223e-01,2.317635270541081316e-01
-4.894047257361777009e-02,1.939196486802484132e-01,2.335671342685370910e-01
-4.929008904656715512e-02,1.938310788335593227e-01,2.353707414829659395e-01
-4.966528238901780912e-02,1.937352826028834740e-01,2.371743486973948989e-01
-5.006489888493097923e-02,1.936323988893429993e-01,2.389779559118236363e-01
-5.048749901244919958e-02,1.935226406482402906e-01,2.407815631262523737e-01
-5.093125665871198887e-02,1.934063264093613121e-01,2.425851703406814441e-01
-5.139385854553892019e-02,1.932839137222783499e-01,2.443887775551100705e-01
-5.150961476137934369e-02,1.932530972252043677e-01,2.448280061217196768e-01
-5.187549726199444655e-02,1.931552038745547595e-01,2.461923847695391410e-01
-5.237073036958393019e-02,1.930215184909608583e-01,2.479959919839679894e-01
-5.287452930752360031e-02,1.928841210429407815e-01,2.497995991983967268e-01
-5.338234822235538024e-02,1.927441954982489214e-01,2.516032064128256862e-01
-5.388922619537078740e-02,1.926030926544643196e-01,2.534068136272545346e-01
-5.438985344773421965e-02,1.924623179792189775e-01,2.552104208416833830e-01
-5.487860407246940991e-02,1.923235264211249351e-01,2.570140280561122315e-01
-5.534953474760093833e-02,1.921885246398028768e-01,2.588176352705410799e-01
-5.579636965960488304e-02,1.920592750502009283e-01,2.606212424849700393e-01
-5.621250646703806336e-02,1.919378913000067410e-01,2.624248496993987767e-01
-5.659107975732846629e-02,1.918266136173489844e-01,2.642284569138277361e-01
-5.692510496146096360e-02,1.917277560112949919e-01,2.660320641282564735e-01
-5.720770098296865808e-02,1.916436248567722211e-01,2.678356713426853219e-01
-5.743236277443800053e-02,1.915764174060715641e-01,2.696392785571142814e-01
-5.758466182623328544e-02,1.915306939431859201e-01,2.713469969540368010e-01
-5.759331822754693020e-02,1.915280911394997287e-01,2.714428857715431298e-01
-5.768630752831193503e-02,1.915001042395252373e-01,2.732464929859719782e-01
-5.770589175249005859e-02,1.914942037165874578e-01,2.750501002004008266e-01
-5.764918164880020179e-02,1.915112838848500865e-01,2.768537074148296750e-01
-5.758466182623328544e-02,1.915306939431859201e-01,2.777159717614154366e-01
-5.751504542885504251e-02,1.915516106675084762e-01,2.786573146292585235e-01
-5.730344405764582760e-02,1.916150184592331496e-01,2.804609218436873719e-01
-5.701408908854415508e-02,1.917013136246164540e-01,2.822645290581163313e-01
-5.664836547376677495e-02,1.918097043664646062e-01,2.840681362725450687e-01
-5.620876457090563660e-02,1.919389871428223149e-01,2.858717434869739171e-01
-5.569891437357378516e-02,1.920875606009022629e-01,2.876753507014028766e-01
-5.512355373053540175e-02,1.922534624502684475e-01,2.894789579158316140e-01
-5.448841827843754759e-02,1.924344362984807266e-01,2.912825651302605734e-01
-5.380003290320903991e-02,1.926280261530331772e-01,2.930861723446894218e-01
-5.306543698997943231e-02,1.928316867038779303e-01,2.948897795591181592e-01
-5.229189138113569252e-02,1.930428918551095330e-01,2.966933867735471186e-01
-5.150961476137938533e-02,1.932530972252043677e-01,2.984447422826722041e-01
-5.148681346231559486e-02,1.932591732350542879e-01,2.984969939879759671e-01
-5.066378369062340264e-02,1.934765645295308811e-01,3.003006012024048155e-01
-4.982288382929501297e-02,1.936948121322111804e-01,3.021042084168335529e-01
-4.897041009155398555e-02,1.939120907407916872e-01,3.039078156312625123e-01
-4.811232913310761750e-02,1.941267724591008714e-01,3.057114228456914717e-01
-4.725428212557773039e-02,1.943374200219718517e-01,3.075150300601202091e-01
-4.640155712443241875e-02,1.945427857732792976e-01,3.093186372745491686e-01
-4.555902409356147459e-02,1.947418170903267853e-01,3.111222444889780170e-01
-4.538322179231801118e-02,1.947828616171075611e-01,3.114998673289262610e-01
-4.473583086413437937e-02,1.949325663835972944e-01,3.129258517034067544e-01
-4.393213712474530047e-02,1.951152667723686507e-01,3.147294589178357138e-01
-4.314978896569365840e-02,1.952897737010724777e-01,3.165330661322645622e-01
-4.239131650942528501e-02,1.954558167069932184e-01,3.183366733466934106e-01
-4.165871586608937971e-02,1.956132699803068975e-01,3.201402805611222591e-01
-4.095355708050819887e-02,1.957621162596419051e-01,3.219438877755511075e-01
-4.027710046542173211e-02,1.959024123845807264e-01,3.237474949899799559e-01
-3.963039170677178785e-02,1.960342624470728656e-01,3.255511022044088043e-01
-3.921158984079560483e-02,1.961184622164808267e-01,3.267711508658547870e-01
-3.901555744750393601e-02,1.961575547284899468e-01,3.273547094188377637e-01
-3.843452898987886196e-02,1.962722267192334169e-01,3.291583166332666122e-01
-3.788522388138425984e-02,1.963789953418068335e-01,3.309619238476953496e-01
-3.736798544767346714e-02,1.964780742566011318e-01,3.327655310621243090e-01
-3.688292826288405712e-02,1.965697067270411047e-01,3.345691382765530464e-01
-3.642995119005634080e-02,1.966541600279285151e-01,3.363727454909820058e-01
-3.600878727777374194e-02,1.967317138612482141e-01,3.381763527054108542e-01
-3.561908062009005310e-02,1.968026450426404450e-01,3.399799599198395916e-01
-3.526046991531989888e-02,1.968672122557507675e-01,3.417835671342685511e-01
-3.493265560710288875e-02,1.969256447805504684e-01,3.435871743486973995e-01
-3.463543301296388016e-02,1.969781378224611523e-01,3.453907815631263589e-01
-3.436868564996000547e-02,1.970248548957573564e-01,3.471943887775550963e-01
-3.413234678136568140e-02,1.970659354206013014e-01,3.489979959919839447e-01
-3.392634810464647405e-02,1.971015040639780558e-01,3.508016032064129042e-01
-3.375057863999441493e-02,1.971316779248468709e-01,3.526052104208416416e-01
-3.360487283709408940e-02,1.971565685479506058e-01,3.544088176352706010e-01
-3.348903613985761835e-02,1.971762776259439187e-01,3.562124248496994494e-01
-3.340290251370651997e-02,1.971908874762214325e-01,3.580160320641281868e-01
-3.334640656846754592e-02,1.972004492108739293e-01,3.598196392785571462e-01
-3.331964713778944737e-02,1.972049723374469377e-01,3.616232464929859947e-01
-3.332292169229500445e-02,1.972044190424980803e-01,3.634268537074148431e-01
-3.335672108816351011e-02,1.971987047580345265e-01,3.652304609218436915e-01
-3.342168847563067174e-02,1.971877043312739164e-01,3.670340681362725399e-01
-3.351855969682691200e-02,1.971712609784961878e-01,3.688376753507013883e-01
-3.364811031128621399e-02,1.971491939432660212e-01,3.706412825651302367e-01
-3.381113349390701267e-02,1.971213008577642478e-01,3.724448897795591962e-01
-3.400846341622920654e-02,1.970873522478472084e-01,3.742484969939879336e-01
-3.424104337631091871e-02,1.970470780004149047e-01,3.760521042084167820e-01
-3.451002206756508678e-02,1.970001481646553865e-01,3.778557114228457414e-01
-3.481685065576786697e-02,1.969461523117777557e-01,3.796593186372745898e-01
-3.516335202055820286e-02,1.968845821152035158e-01,3.814629258517034383e-01
-3.555174282625114118e-02,1.968148205344711910e-01,3.832665330661322867e-01
-3.598460649946185613e-02,1.967361382539539738e-01,3.850701402805611351e-01
-3.646483507293601239e-02,1.966476946295165062e-01,3.868737474949899835e-01
-3.699557326361257309e-02,1.965485374122551976e-01,3.886773547094187209e-01
-3.758020322732336105e-02,1.964375939717066533e-01,3.904809619238477914e-01
-3.822240050527234145e-02,1.963136472576844649e-01,3.922845691382765287e-01
-3.892627240706300618e-02,1.961752923191173170e-01,3.940881763527054882e-01
-3.921158984079560483e-02,1.961184622164808267e-01,3.947643566311727636e-01
-3.969963599957226918e-02,1.960202512535413333e-01,3.958917835671343366e-01
-4.054730552443026187e-02,1.958466645483361579e-01,3.976953907815630740e-01
-4.147424856427960049e-02,1.956524640939345527e-01,3.994989979959920334e-01
-4.248853179432741933e-02,1.954347069124684200e-01,4.013026052104208818e-01
-4.359962399141548151e-02,1.951898378189991512e-01,4.031062124248496192e-01
-4.481846070064302023e-02,1.949135849047595737e-01,4.049098196392785787e-01
-4.538322179231801118e-02,1.947828616171075611e-01,4.056831777859430388e-01
-4.616323777518548110e-02,1.945994745062578357e-01,4.067134268537074271e-01
-4.764759138332065602e-02,1.942413628333782838e-01,4.085170340681362755e-01
-4.928376936597531066e-02,1.938326857810141191e-01,4.103206412825651239e-01
-5.109096059322056071e-02,1.933641997518206201e-01,4.121242484969939723e-01
-5.150961476137934369e-02,1.932530972252043677e-01,4.125128016581865453e-01
-5.310545851812832618e-02,1.928206686939430703e-01,4.139278557114229318e-01
-5.534723179737811860e-02,1.921891878654137520e-01,4.157314629258516692e-01
-5.758466182623328544e-02,1.915306939431859201e-01,4.173524733192967573e-01
-5.785011463091796480e-02,1.914506835641744398e-01,4.175350701402806286e-01
-6.067915162223546516e-02,1.905729271392077040e-01,4.193386773547094770e-01
-6.360230724784762812e-02,1.896173687001019292e-01,4.209988120744618256e-01
-6.387033311894226018e-02,1.895272554206263727e-01,4.211422845691382144e-01
-6.752428705958828103e-02,1.882563960589236363e-01,4.229458917835671738e-01
-6.955655250639647402e-02,1.875150287401650129e-01,4.238499967410780944e-01
-7.172040190182303598e-02,1.866981091255103808e-01,4.247494989979960223e-01
-7.544146228071518800e-02,1.852257697215682619e-01,4.261521402221841170e-01
-7.658604873227251031e-02,1.847554522594069271e-01,4.265531062124248707e-01
-8.125117036475781873e-02,1.827518736274873490e-01,4.280485716262272811e-01
-8.229154918578326927e-02,1.822857672244430072e-01,4.283567134268537191e-01
-8.697988551515860312e-02,1.800958064913503465e-01,4.296379225110043554e-01
-8.906177505212038714e-02,1.790754037397808140e-01,4.301603206412825675e-01
-9.262189722406954928e-02,1.772602159386417464e-01,4.309906636789207490e-01
-9.719638016451426221e-02,1.747937747258615226e-01,4.319639278557114159e-01
-9.817158141151870188e-02,1.742479285476919437e-01,4.321580272780974341e-01
-1.036234060316154199e-01,1.710619470320824398e-01,4.331685356832643552e-01
-1.071625970048665499e-01,1.688673378814641302e-01,4.337675350701402643e-01
-1.089719365870140955e-01,1.677054472474754920e-01,4.340567817755505708e-01
-1.142118415461389480e-01,1.641817750258525166e-01,4.348375119781609510e-01
-1.193378976577711692e-01,1.604944428403156376e-01,4.355349364988403971e-01
-1.196197756121182981e-01,1.602844636342102558e-01,4.355711422845692238e-01
-1.243449951576990203e-01,1.566471263037781114e-01,4.361508814484565399e-01
-1.292281428622419071e-01,1.526436605050337514e-01,4.367050646052834106e-01
-1.339824731435709793e-01,1.484880361858566811e-01,4.372058171093325396e-01
-1.356819988418215273e-01,1.469367047074622012e-01,4.373747494989979612e-01
-1.386032467818663627e-01,1.441843957629432849e-01,4.376547589747423195e-01
-1.430858576894742384e-01,1.397370291986613222e-01,4.380599697095604594e-01
-1.474258375023557999e-01,1.351503697247217750e-01,4.384288091955579891e-01
-1.516188600342490700e-01,1.304289894230373503e-01,4.387651041712796185e-01
-1.556607455891059755e-01,1.255775946681717270e-01,4.390721277237697451e-01
-1.571282217527053549e-01,1.237365020066134580e-01,4.391783567134268096e-01
-1.595474651275038680e-01,1.206010214359229116e-01,4.393496966306062457e-01
-1.632751442828798139e-01,1.155042304827177263e-01,4.396018233434649258e-01
-1.668400672235834936e-01,1.102923024006215169e-01,4.398324024943139343e-01
-1.702386803568989027e-01,1.049704325528936916e-01,4.400432330009220183e-01
-1.734675958713429444e-01,9.954392589513660905e-02,4.402358836157408972e-01
-1.765235951137094084e-01,9.401819168720060294e-02,4.404117255450716306e-01
-1.794036317974927186e-01,8.839873810111582852e-02,4.405719594241006010e-01
-1.821048350394924575e-01,8.269116673042684051e-02,4.407176377279191093e-01
-1.846245122215721401e-01,7.690116700640220460e-02,4.408496834654337948e-01
-1.869601516747196601e-01,7.103451052668573185e-02,4.409689058245760962e-01
-1.872294973564299081e-01,7.032151391756727432e-02,4.409819639278557690e-01
-1.891094251827334372e-01,6.509704530204232786e-02,4.410744249104872616e-01
-1.910701903030389559e-01,5.909468992693400757e-02,4.411684215635315875e-01
-1.928404925023223526e-01,5.303342767973574789e-02,4.412516456752780258e-01
-1.944185671048513919e-01,4.691930055847377129e-02,4.413245552371130587e-01
-1.958028410515428863e-01,4.075840325803047060e-02,4.413875432990695402e-01
-1.969919344680221007e-01,3.455687709481988085e-02,4.414409433250637282e-01
-1.979846620401114476e-01,2.832090388499040184e-02,4.414850336216700755e-01
-1.987800341953775696e-01,2.205669978225501676e-02,4.415200409528587389e-01
-1.993772580895586399e-01,1.577050908149532291e-02,4.415461434299172150e-01
-1.997757383968887246e-01,9.468597994311642174e-03,4.415634727461847375e-01
-1.999750779035314729e-01,3.157248402727364130e-03,4.415721158093660059e-01
-1.999750779035314729e-01,-3.157248402727404462e-03,4.415721158093660059e-01
-1.997757383968887246e-01,-9.468597994311593602e-03,4.415634727461847375e-01
-1.993772580895586399e-01,-1.577050908149527086e-02,4.415461434299172150e-01
-1.987800341953775973e-01,-2.205669978225496819e-02,4.415200409528586278e-01
-1.979846620401114476e-01,-2.832090388499035674e-02,4.414850336216700755e-01
-1.969919344680221007e-01,-3.455687709481992942e-02,4.414409433250637282e-01
-1.958028410515429141e-01,-4.075840325803042896e-02,4.413875432990694292e-01
-1.944185671048513919e-01,-4.691930055847373660e-02,4.413245552371130587e-01
-1.928404925023223804e-01,-5.303342767973570626e-02,4.412516456752780258e-01
-1.910701903030389837e-01,-5.909468992693396594e-02,4.411684215635314765e-01
-1.891094251827334372e-01,-6.509704530204236950e-02,4.410744249104872616e-01
-1.872294973564300191e-01,-7.032151391756698289e-02,4.409819639278557690e-01
-1.869601516747196879e-01,-7.103451052668567633e-02,4.409689058245760962e-01
-1.846245122215721679e-01,-7.690116700640216296e-02,4.408496834654337948e-01
-1.821048350394924575e-01,-8.269116673042679888e-02,4.407176377279191093e-01
-1.794036317974927464e-01,-8.839873810111578689e-02,4.405719594241006010e-01
-1.765235951137093806e-01,-9.401819168720063069e-02,4.404117255450716306e-01
-1.734675958713429444e-01,-9.954392589513663681e-02,4.402358836157408972e-01
-1.702386803568989304e-01,-1.049704325528936777e-01,4.400432330009221293e-01
-1.668400672235835214e-01,-1.102923024006214753e-01,4.398324024943139343e-01
-1.632751442828798416e-01,-1.155042304827176985e-01,4.396018233434649258e-01
-1.595474651275039235e-01,-1.206010214359228699e-01,4.393496966306063567e-01
-1.571282217527053826e-01,-1.237365020066134164e-01,4.391783567134268096e-01
-1.556607455891060032e-01,-1.255775946681716992e-01,4.390721277237698561e-01
-1.516188600342490977e-01,-1.304289894230373503e-01,4.387651041712796185e-01
-1.474258375023557999e-01,-1.351503697247217473e-01,4.384288091955579891e-01
-1.430858576894742940e-01,-1.397370291986612667e-01,4.380599697095604594e-01
-1.386032467818663905e-01,-1.441843957629432571e-01,4.376547589747423195e-01
-1.356819988418216383e-01,-1.469367047074620902e-01,4.373747494989979612e-01
-1.339824731435710348e-01,-1.484880361858566256e-01,4.372058171093325396e-01
-1.292281428622420181e-01,-1.526436605050336404e-01,4.367050646052834106e-01
-1.243449951576990620e-01,-1.566471263037780837e-01,4.361508814484565399e-01
-1.196197756121185063e-01,-1.602844636342101170e-01,4.355711422845692238e-01
-1.193378976577713080e-01,-1.604944428403155265e-01,4.355349364988403971e-01
-1.142118415461390035e-01,-1.641817750258524888e-01,4.348375119781609510e-01
-1.089719365870140816e-01,-1.677054472474754920e-01,4.340567817755505708e-01
-1.071625970048666887e-01,-1.688673378814640469e-01,4.337675350701401533e-01
-1.036234060316155586e-01,-1.710619470320823288e-01,4.331685356832643552e-01
-9.817158141151877127e-02,-1.742479285476919160e-01,4.321580272780973231e-01
-9.719638016451431772e-02,-1.747937747258614949e-01,4.319639278557114159e-01
-9.262189722406966030e-02,-1.772602159386416909e-01,4.309906636789207490e-01
-8.906177505212051204e-02,-1.790754037397807863e-01,4.301603206412825675e-01
-8.697988551515863087e-02,-1.800958064913503187e-01,4.296379225110043554e-01
-8.229154918578347744e-02,-1.822857672244428962e-01,4.283567134268537191e-01
-8.125117036475777710e-02,-1.827518736274873490e-01,4.280485716262272811e-01
-7.658604873227255194e-02,-1.847554522594068993e-01,4.265531062124248707e-01
-7.544146228071527127e-02,-1.852257697215682342e-01,4.261521402221842281e-01
-7.172040190182316088e-02,-1.866981091255103253e-01,4.247494989979960223e-01
-6.955655250639647402e-02,-1.875150287401650129e-01,4.238499967410779834e-01
-6.752428705958837818e-02,-1.882563960589236085e-01,4.229458917835672849e-01
-6.387033311894230181e-02,-1.895272554206263727e-01,4.211422845691382144e-01
-6.360230724784775302e-02,-1.896173687001019015e-01,4.209988120744618256e-01
-6.067915162223559700e-02,-1.905729271392076485e-01,4.193386773547094770e-01
-5.785011463091804806e-02,-1.914506835641744120e-01,4.175350701402806286e-01
-5.758466182623332014e-02,-1.915306939431858924e-01,4.173524733192967573e-01
-5.534723179737832677e-02,-1.921891878654136965e-01,4.157314629258516692e-01
-5.310545851812849272e-02,-1.928206686939430148e-01,4.139278557114229318e-01
-5.150961476137946859e-02,-1.932530972252043400e-01,4.125128016581864343e-01
-5.109096059322068561e-02,-1.933641997518205924e-01,4.121242484969939723e-01
-4.928376936597540087e-02,-1.938326857810140913e-01,4.103206412825651239e-01
-4.764759138332087807e-02,-1.942413628333782283e-01,4.085170340681362755e-01
-4.616323777518543947e-02,-1.945994745062578357e-01,4.067134268537074271e-01
-4.538322179231810138e-02,-1.947828616171075611e-01,4.056831777859431498e-01
-4.481846070064315207e-02,-1.949135849047595459e-01,4.049098196392785787e-01
-4.359962399141557171e-02,-1.951898378189991234e-01,4.031062124248496192e-01
-4.248853179432764138e-02,-1.954347069124683645e-01,4.013026052104208818e-01
-4.147424856427969070e-02,-1.956524640939345527e-01,3.994989979959920334e-01
-4.054730552443035901e-02,-1.958466645483361301e-01,3.976953907815630740e-01
-3.969963599957244960e-02,-1.960202512535412778e-01,3.958917835671343366e-01
-3.921158984079561177e-02,-1.961184622164808267e-01,3.947643566311724306e-01
-3.892627240706301311e-02,-1.961752923191173170e-01,3.940881763527053772e-01
-3.822240050527251493e-02,-1.963136472576844094e-01,3.922845691382765287e-01
-3.758020322732358309e-02,-1.964375939717065978e-01,3.904809619238477914e-01
-3.699557326361279513e-02,-1.965485374122551421e-01,3.886773547094188319e-01
-3.646483507293597770e-02,-1.966476946295165340e-01,3.868737474949900945e-01
-3.598460649946199491e-02,-1.967361382539539461e-01,3.850701402805611351e-01
-3.555174282625141874e-02,-1.968148205344711632e-01,3.832665330661322867e-01
-3.516335202055855674e-02,-1.968845821152034326e-01,3.814629258517034383e-01
-3.481685065576791555e-02,-1.969461523117777280e-01,3.796593186372745898e-01
-3.451002206756518392e-02,-1.970001481646553865e-01,3.778557114228457414e-01
-3.424104337631105749e-02,-1.970470780004148770e-01,3.760521042084167820e-01
-3.400846341622930369e-02,-1.970873522478472084e-01,3.742484969939879336e-01
-3.381113349390720002e-02,-1.971213008577642201e-01,3.724448897795591962e-01
-3.364811031128626256e-02,-1.971491939432660212e-01,3.706412825651302367e-01
-3.351855969682709241e-02,-1.971712609784961601e-01,3.688376753507013883e-01
-3.342168847563076889e-02,-1.971877043312738886e-01,3.670340681362725399e-01
-3.335672108816369746e-02,-1.971987047580344987e-01,3.652304609218436915e-01
-3.332292169229523343e-02,-1.972044190424980525e-01,3.634268537074148431e-01
-3.331964713778957921e-02,-1.972049723374469099e-01,3.616232464929859947e-01
-3.334640656846767776e-02,-1.972004492108739016e-01,3.598196392785571462e-01
-3.340290251370661018e-02,-1.971908874762214048e-01,3.580160320641281868e-01
-3.348903613985784039e-02,-1.971762776259438910e-01,3.562124248496994494e-01
-3.360487283709435308e-02,-1.971565685479505503e-01,3.544088176352706010e-01
-3.375057863999473412e-02,-1.971316779248468154e-01,3.526052104208416416e-01
-3.392634810464666140e-02,-1.971015040639780003e-01,3.508016032064129042e-01
-3.413234678136594508e-02,-1.970659354206012459e-01,3.489979959919839447e-01
-3.436868564996014425e-02,-1.970248548957573287e-01,3.471943887775550963e-01
-3.463543301296406057e-02,-1.969781378224610968e-01,3.453907815631263589e-01
-3.493265560710293732e-02,-1.969256447805504684e-01,3.435871743486973995e-01
-3.526046991531985725e-02,-1.968672122557507675e-01,3.417835671342685511e-01
-3.561908062008996984e-02,-1.968026450426404450e-01,3.399799599198395916e-01
-3.600878727777383909e-02,-1.967317138612482141e-01,3.381763527054108542e-01
-3.642995119005656285e-02,-1.966541600279284596e-01,3.363727454909820058e-01
-3.688292826288427917e-02,-1.965697067270410769e-01,3.345691382765530464e-01
-3.736798544767351571e-02,-1.964780742566011318e-01,3.327655310621243090e-01
-3.788522388138435004e-02,-1.963789953418068335e-01,3.309619238476954606e-01
-3.843452898987895217e-02,-1.962722267192333891e-01,3.291583166332665011e-01
-3.901555744750376253e-02,-1.961575547284899745e-01,3.273547094188377637e-01
-3.921158984079561177e-02,-1.961184622164808267e-01,3.267711508658546760e-01
-3.963039170677196132e-02,-1.960342624470728101e-01,3.255511022044088043e-01
-4.027710046542160027e-02,-1.959024123845807541e-01,3.237474949899799559e-01
-4.095355708050820581e-02,-1.957621162596419051e-01,3.219438877755511075e-01
-4.165871586608934501e-02,-1.956132699803069253e-01,3.201402805611222591e-01
-4.239131650942529195e-02,-1.954558167069932184e-01,3.183366733466934106e-01
-4.314978896569362371e-02,-1.952897737010725054e-01,3.165330661322645622e-01
-4.393213712474530741e-02,-1.951152667723686507e-01,3.147294589178357138e-01
-4.473583086413433774e-02,-1.949325663835972944e-01,3.129258517034067544e-01
-4.538322179231810138e-02,-1.947828616171075611e-01,3.114998673289259279e-01
-4.555902409356143989e-02,-1.947418170903267853e-01,3.111222444889780170e-01
-4.640155712443238406e-02,-1.945427857732792976e-01,3.093186372745491686e-01
-4.725428212557782059e-02,-1.943374200219718517e-01,3.075150300601202091e-01
-4.811232913310736770e-02,-1.941267724591009269e-01,3.057114228456914717e-01
-4.897041009155390923e-02,-1.939120907407917149e-01,3.039078156312625123e-01
-4.982288382929488807e-02,-1.936948121322111804e-01,3.021042084168336639e-01
-5.066378369062344428e-02,-1.934765645295308811e-01,3.003006012024048155e-01
-5.148681346231585160e-02,-1.932591732350542046e-01,2.984969939879759671e-01
-5.150961476137946859e-02,-1.932530972252043400e-01,2.984447422826720930e-01
-5.229189138113565088e-02,-1.930428918551095330e-01,2.966933867735471186e-01
-5.306543698997956415e-02,-1.928316867038778748e-01,2.948897795591181592e-01
-5.380003290320894971e-02,-1.926280261530332050e-01,2.930861723446894218e-01
-5.448841827843754759e-02,-1.924344362984807266e-01,2.912825651302605734e-01
-5.512355373053545032e-02,-1.922534624502684197e-01,2.894789579158316140e-01
-5.569891437357352842e-02,-1.920875606009023462e-01,2.876753507014028766e-01
-5.620876457090567824e-02,-1.919389871428223149e-01,2.858717434869739171e-01
-5.664836547376655984e-02,-1.918097043664646895e-01,2.840681362725450687e-01
-5.701408908854410651e-02,-1.917013136246164540e-01,2.822645290581162203e-01
-5.730344405764586924e-02,-1.916150184592331218e-01,2.804609218436873719e-01
-5.751504542885500781e-02,-1.915516106675084762e-01,2.786573146292585235e-01
-5.758466182623332014e-02,-1.915306939431858924e-01,2.777159717614137713e-01
-5.764918164880006302e-02,-1.915112838848501420e-01,2.768537074148296750e-01
-5.770589175248998226e-02,-1.914942037165875133e-01,2.750501002004008266e-01
-5.768630752831163666e-02,-1.915001042395253206e-01,2.732464929859719782e-01
-5.759331822754696489e-02,-1.915280911394997287e-01,2.714428857715431298e-01
-5.758466182623332014e-02,-1.915306939431858924e-01,2.713469969540380222e-01
-5.743236277443791032e-02,-1.915764174060715641e-01,2.696392785571143924e-01
-5.720770098296854012e-02,-1.916436248567722767e-01,2.678356713426853219e-01
-5.692510496146087340e-02,-1.917277560112949919e-01,2.660320641282564735e-01
-5.659107975732838997e-02,-1.918266136173489844e-01,2.642284569138277361e-01
-5.621250646703793846e-02,-1.919378913000067965e-01,2.624248496993987767e-01
-5.579636965960493161e-02,-1.920592750502009005e-01,2.606212424849699283e-01
-5.534953474760073017e-02,-1.921885246398029601e-01,2.588176352705410799e-01
-5.487860407246936134e-02,-1.923235264211249629e-01,2.570140280561122315e-01
-5.438985344773430985e-02,-1.924623179792189775e-01,2.552104208416833830e-01
-5.388922619537083597e-02,-1.926030926544642918e-01,2.534068136272545346e-01
-5.338234822235542881e-02,-1.927441954982488936e-01,2.516032064128256862e-01
-5.287452930752360031e-02,-1.928841210429407815e-01,2.497995991983967268e-01
-5.237073036958383998e-02,-1.930215184909608861e-01,2.479959919839679894e-01
-5.187549726199452982e-02,-1.931552038745547317e-01,2.461923847695391410e-01
-5.150961476137946859e-02,-1.932530972252043400e-01,2.448280061217196768e-01
-5.139385854553905203e-02,-1.932839137222783221e-01,2.443887775551101815e-01
-5.093125665871189867e-02,-1.934063264093613399e-01,2.425851703406814441e-01
-5.048749901244911631e-02,-1.935226406482403183e-01,2.407815631262525957e-01
-5.006489888493084739e-02,-1.936323988893430270e-01,2.389779559118237473e-01
-4.966528238901785075e-02,-1.937352826028834463e-01,2.371743486973948989e-01
-4.929008904656742573e-02,-1.938310788335592394e-01,2.353707414829659395e-01
-4.894047257361777703e-02,-1.939196486802484132e-01,2.335671342685370910e-01
-4.861737617902527758e-02,-1.940009039501289223e-01,2.317635270541081316e-01
-4.832156736891991822e-02,-1.940747951873476596e-01,2.299599198396793942e-01
-4.805363246050850523e-02,-1.941413104090687070e-01,2.281563126252505458e-01
-4.781394515540566409e-02,-1.942004805572732362e-01,2.263527054108215864e-01
-4.760263167262712009e-02,-1.942523859772131711e-01,2.245490981963928490e-01
-4.741955452230702667e-02,-1.942971586228320335e-01,2.227454909819638895e-01
-4.726432858048198321e-02,-1.943349768925713428e-01,2.209418837675350411e-01
-4.713637005411504960e-02,-1.943660531526056612e-01,2.191382765531063037e-01
-4.703496605218787652e-02,-1.943906169764104963e-01,2.173346693386773443e-01
-4.695934441843835350e-02,-1.944088989007203006e-01,2.155310621242484959e-01
-4.690872302476797873e-02,-1.944211194911334983e-01,2.137274549098196474e-01
-4.688232489767345246e-02,-1.944274867712613153e-01,2.119238476953907990e-01
-4.687935764155961443e-02,-1.944282022421509604e-01,2.101202404809619506e-01
-4.689896817947752233e-02,-1.944234728207999974e-01,2.083166332665331022e-01
-4.694019228194582644e-02,-1.944135240885622173e-01,2.065130260521042538e-01
-4.700191966343056360e-02,-1.943986099434674986e-01,2.047094188376752943e-01
-4.708288917662058204e-02,-1.943790151914091546e-01,2.029058116232465570e-01
-4.718171715249017822e-02,-1.943550502727995066e-01,2.011022044088177085e-01
-4.729694943699638138e-02,-1.943270402541916186e-01,1.992985971943887491e-01
-4.742711875789754061e-02,-1.942953123632278623e-01,1.974949899799599007e-01
-4.757078703039777090e-02,-1.942601869177226492e-01,1.956913827655310523e-01
-4.772655787893986118e-02,-1.942219752577658554e-01,1.938877755511022039e-01
-4.789305595936880350e-02,-1.941809856573829540e-01,1.920841683366733554e-01
-4.806888241163966707e-02,-1.941375351231594548e-01,1.902805611222445070e-01
-4.825256515890597592e-02,-1.940919626248999164e-01,1.884769539078156586e-01
-4.844252520098785153e-02,-1.940446385555438802e-01,1.866733466933866992e-01
-4.863707451667752257e-02,-1.939959664077043622e-01,1.848697394789579618e-01
-4.883444967479146775e-02,-1.939463753849508532e-01,1.830661322645291134e-01
-4.903287203777815378e-02,-1.938963059465725891e-01,1.812625250501001539e-01
-4.923061552771421101e-02,-1.938461928817855062e-01,1.794589178356714165e-01
-4.942606015833199418e-02,-1.937964514051404297e-01,1.776553106212424571e-01
-4.961771509921764078e-02,-1.937474705598317692e-01,1.758517034068136087e-01
-4.980420690906699893e-02,-1.936996153175293278e-01,1.740480961923848713e-01
-4.998424223164617264e-02,-1.936532352648107080e-01,1.722444889779558008e-01
-5.015656438451762678e-02,-1.936086750358613218e-01,1.704408817635270634e-01
-5.031992587252014787e-02,-1.935662807933863361e-01,1.686372745490982150e-01
-5.047309280415579469e-02,-1.935263984648685487e-01,1.668336673346693666e-01
-5.061488472965478685e-02,-1.934893626114980170e-01,1.650300601202405182e-01
-5.074423934073411108e-02,-1.934554785311863312e-01,1.632264529058115587e-01
-5.086028126227916391e-02,-1.934250030113011665e-01,1.614228456913828214e-01
-5.096237187538206481e-02,-1.933981299103878781e-01,1.596192384769538619e-01
-5.105012372701947521e-02,-1.933749851130078523e-01,1.578156312625250135e-01
-5.112337608308928361e-02,-1.933556319786600142e-01,1.560120240480962761e-01
-5.118214249593549398e-02,-1.933400845389433576e-01,1.542084168336674277e-01
-5.122655126960547201e-02,-1.933283229250760682e-01,1.524048096192384683e-01
-5.125680150283290493e-02,-1.933203049338045876e-01,1.506012024048096198e-01
-5.127315031354690023e-02,-1.933159694824109209e-01,1.487975951903808824e-01
-5.127593373537351479e-02,-1.933152312146293184e-01,1.469939879759519230e-01
-5.126560981105613563e-02,-1.933179692907530667e-01,1.451903807615230746e-01
-5.124280307404310147e-02,-1.933240159243409806e-01,1.433867735470942262e-01
-5.120832854227498621e-02,-1.933331505146140827e-01,1.415831663326652667e-01
-5.116318091597831658e-02,-1.933451031667439979e-01,1.397795591182365293e-01
-5.110848785041743891e-02,-1.933595678254472761e-01,1.379759519038076809e-01
-5.104543977078977030e-02,-1.933762215956415786e-01,1.361723446893787215e-01
-5.097521742178687254e-02,-1.933947445221859129e-01,1.343687374749499841e-01
-5.089893889596147636e-02,-1.934148340207265115e-01,1.325651302605210247e-01
-5.081764018831988472e-02,-1.934362102753526824e-01,1.307615230460921762e-01
-5.073229047907806127e-02,-1.934586123767728649e-01,1.289579158316634389e-01
-5.064383035568231078e-02,-1.934817884114804210e-01,1.271543086172344794e-01
-5.055321300408586321e-02,-1.935054848188121346e-01,1.253507014028056310e-01
-5.046142805274007881e-02,-1.935294403414584696e-01,1.235470941883766716e-01
-5.036949522045083838e-02,-1.935533878578129807e-01,1.217434869739479342e-01
-5.027842719606735733e-02,-1.935770641338734610e-01,1.199398797595190858e-01
-5.018917347794547151e-02,-1.936002243428470437e-01,1.181362725450901263e-01
-5.010256452640814845e-02,-1.936226562876284807e-01,1.163326653306613889e-01
-5.001927571486929763e-02,-1.936441893188636243e-01,1.145290581162324295e-01
-4.993982328737989890e-02,-1.936646948982319594e-01,1.127254509018035811e-01
-4.986459271691619233e-02,-1.936840788324535323e-01,1.109218436873748437e-01
-4.979388803200426872e-02,-1.937022682227965698e-01,1.091182364729458842e-01
-4.972798328929600720e-02,-1.937191980108824985e-01,1.073146292585170358e-01
-4.966715713820801792e-02,-1.937348019892362050e-01,1.055110220440881874e-01
-4.961169834817145269e-02,-1.937490113187936847e-01,1.037074148296593390e-01
-4.956188155002867746e-02,-1.937617606681486804e-01,1.019038076152304906e-01
-4.951792392935237125e-02,-1.937729991761671655e-01,1.001002004008016422e-01
-4.947994086284561444e-02,-1.937827016330645191e-01,9.829659318637279375e-02
-4.944791882521015758e-02,-1.937908752337308416e-01,9.649298597194383431e-02
-4.942171726787496916e-02,-1.937975589688741007e-01,9.468937875751509692e-02
-4.940110015268769916e-02,-1.938028155205804293e-01,9.288577154308624850e-02
-4.938578660350279037e-02,-1.938067183602087962e-01,9.108216432865728907e-02
-4.937550295137180245e-02,-1.938093385477053787e-01,8.927855711422844065e-02
-4.937001799335725277e-02,-1.938107358309533457e-01,8.747494989979959223e-02
-4.936914971250189188e-02,-1.938109570087939437e-01,8.567134268537074382e-02
-4.937274256133378225e-02,-1.938100417727942615e-01,8.386773547094189540e-02
-4.938062555999617187e-02,-1.938080334230329604e-01,8.206412825651304699e-02
-4.939256866846039595e-02,-1.938049900294918360e-01,8.026052104208419857e-02
-4.940825543917426454e-02,-1.938009914692319369e-01,7.845691382765523914e-02
-4.942728365889895170e-02,-1.937961393580964753e-01,7.665330661322650174e-02
-4.944919495449631719e-02,-1.937905496105324088e-01,7.484969939879765333e-02
-4.947352324664086587e-02,-1.937843401763003348e-01,7.304609218436869389e-02
-4.949984470108052120e-02,-1.937776183530206253e-01,7.124248496993995650e-02
-4.952781120698984685e-02,-1.937704722527268109e-01,6.943887775551099706e-02
-4.955715565404263112e-02,-1.937629694329672247e-01,6.763527054108214864e-02
-4.958766800927572743e-02,-1.937551629799883768e-01,6.583166332665341125e-02
-4.961915230905827173e-02,-1.937471024922191587e-01,6.402805611222445181e-02
-4.965138192346173207e-02,-1.937388455449514102e-01,6.222444889779560340e-02
-4.968407104750284520e-02,-1.937304650387922100e-01,6.042084168336675498e-02
-4.971687409893764398e-02,-1.937220494157296247e-01,5.861723446893790657e-02
-4.974941395311190118e-02,-1.937136954665877875e-01,5.681362725450905815e-02
-4.978132882651407215e-02,-1.937054963088721549e-01,5.501002004008009871e-02
-4.981232038573391724e-02,-1.936975289924706134e-01,5.320641282565125030e-02
-4.984218509070448277e-02,-1.936898463662562742e-01,5.140280561122251290e-02
-4.987081711829870895e-02,-1.936824762335333516e-01,4.959919839679360898e-02
-4.989818203560936194e-02,-1.936754280479100754e-01,4.779559118236470505e-02
-4.992427154386373106e-02,-1.936687045209281033e-01,4.599198396793585664e-02
-4.994905680285716132e-02,-1.936623136402768341e-01,4.418837675350700822e-02
-4.997245830934615024e-02,-1.936562764552718363e-01,4.238476953907815981e-02
-4.999434386796148405e-02,-1.936506276292747630e-01,4.058116232464931139e-02
-5.001455533227488343e-02,-1.936454085562444305e-01,3.877755511022046297e-02
-5.003295367058370469e-02,-1.936406557182587806e-01,3.697394789579155905e-02
-5.004946479183911695e-02,-1.936363888169020386e-01,3.517034068136271063e-02
-5.006410819098372489e-02,-1.936326033266130564e-01,3.336673346693391773e-02
-5.007699699441238439e-02,-1.936292704423110134e-01,3.156312625250501380e-02
-5.008830890200605124e-02,-1.936263445694754171e-01,2.975951903807616539e-02
-5.009823862931329919e-02,-1.936237756223144757e-01,2.795591182364726146e-02
-5.010694947751529599e-02,-1.936215215673550427e-01,2.615230460921841305e-02
-5.011454190890335392e-02,-1.936195565774820604e-01,2.434869739478962014e-02
-5.012105040316938709e-02,-1.936178718674569088e-01,2.254509018036071621e-02
-5.012646896149493270e-02,-1.936164691069752197e-01,2.074148296593186780e-02
-5.013079459634242618e-02,-1.936153491672066018e-01,1.893787575150301938e-02
-5.013407122039460762e-02,-1.936145007556727693e-01,1.713426853707411546e-02
-5.013641618384269416e-02,-1.936138935413482254e-01,1.533066132264532255e-02
-5.013801837117638771e-02,-1.936134786470497249e-01,1.352705410821641863e-02
-5.013910769822396696e-02,-1.936131965523680554e-01,1.172344689378757021e-02
-5.013990684541672765e-02,-1.936129895991819394e-01,9.919839679358721796e-03
-5.014058290262112666e-02,-1.936128145195595840e-01,8.116232464929817869e-03
-5.014121667219963163e-02,-1.936126503889442074e-01,6.312625250501024965e-03
-5.014180067032497634e-02,-1.936124991459420297e-01,4.509018036072176550e-03
-5.014226595999863451e-02,-1.936123786445400896e-01,2.705410821643272623e-03
-5.014252701343311497e-02,-1.936123110360163380e-01,9.018036072144242077e-04
-5.014252701343311497e-02,-1.936123110360163380e-01,-9.018036072144242077e-04
-5.014226595999863451e-02,-1.936123786445400896e-01,-2.705410821643272623e-03
-5.014180067032515675e-02,-1.936124991459419742e-01,-4.509018036072121038e-03
-5.014121667219963163e-02,-1.936126503889442074e-01,-6.312625250501024965e-03
-5.014058290262112666e-02,-1.936128145195595840e-01,-8.116232464929873380e-03
-5.013990684541672765e-02,-1.936129895991819394e-01,-9.919839679358721796e-03
-5.013910769822430696e-02,-1.936131965523679721e-01,-1.172344689378762572e-02
-5.013801837117656812e-02,-1.936134786470496971e-01,-1.352705410821641863e-02
-5.013641618384287457e-02,-1.936138935413481699e-01,-1.533066132264526704e-02
-5.013407122039460762e-02,-1.936145007556727693e-01,-1.713426853707417097e-02
-5.013079459634242618e-02,-1.936153491672066018e-01,-1.893787575150301938e-02
-5.012646896149493270e-02,-1.936164691069752197e-01,-2.074148296593186780e-02
-5.012105040316973403e-02,-1.936178718674568255e-01,-2.254509018036071621e-02
-5.011454190890335392e-02,-1.936195565774820604e-01,-2.434869739478956463e-02
-5.010694947751529599e-02,-1.936215215673550427e-01,-2.615230460921846856e-02
-5.009823862931329919e-02,-1.936237756223144757e-01,-2.795591182364731697e-02
-5.008830890200588470e-02,-1.936263445694754726e-01,-2.975951903807610988e-02
-5.007699699441221786e-02,-1.936292704423110411e-01,-3.156312625250501380e-02
-5.006410819098372489e-02,-1.936326033266130564e-01,-3.336673346693386222e-02
-5.004946479183911695e-02,-1.936363888169020386e-01,-3.517034068136271063e-02
-5.003295367058405163e-02,-1.936406557182586974e-01,-3.697394789579161456e-02
-5.001455533227488343e-02,-1.936454085562444305e-01,-3.877755511022040746e-02
-4.999434386796148405e-02,-1.936506276292747630e-01,-4.058116232464931139e-02
-4.997245830934615024e-02,-1.936562764552718363e-01,-4.238476953907815981e-02
-4.994905680285716132e-02,-1.936623136402768341e-01,-4.418837675350700822e-02
-4.992427154386373106e-02,-1.936687045209281033e-01,-4.599198396793591215e-02
-4.989818203560969501e-02,-1.936754280479099921e-01,-4.779559118236470505e-02
-4.987081711829870895e-02,-1.936824762335333516e-01,-4.959919839679355347e-02
-4.984218509070448277e-02,-1.936898463662562742e-01,-5.140280561122245739e-02
-4.981232038573374377e-02,-1.936975289924706689e-01,-5.320641282565130581e-02
-4.978132882651407215e-02,-1.937054963088721549e-01,-5.501002004008020974e-02
-4.974941395311190118e-02,-1.937136954665877875e-01,-5.681362725450900264e-02
-4.971687409893747051e-02,-1.937220494157296802e-01,-5.861723446893785106e-02
-4.968407104750267173e-02,-1.937304650387922655e-01,-6.042084168336675498e-02
-4.965138192346173207e-02,-1.937388455449514102e-01,-6.222444889779560340e-02
-4.961915230905792479e-02,-1.937471024922192697e-01,-6.402805611222445181e-02
-4.958766800927555396e-02,-1.937551629799884045e-01,-6.583166332665330023e-02
-4.955715565404245765e-02,-1.937629694329672803e-01,-6.763527054108214864e-02
-4.952781120698967338e-02,-1.937704722527268664e-01,-6.943887775551099706e-02
-4.949984470108018120e-02,-1.937776183530207086e-01,-7.124248496993990099e-02
-4.947352324664069240e-02,-1.937843401763003903e-01,-7.304609218436874940e-02
-4.944919495449597024e-02,-1.937905496105324921e-01,-7.484969939879759782e-02
-4.942728365889861170e-02,-1.937961393580965586e-01,-7.665330661322644623e-02
-4.940825543917426454e-02,-1.938009914692319369e-01,-7.845691382765529465e-02
-4.939256866846039595e-02,-1.938049900294918360e-01,-8.026052104208419857e-02
-4.938062555999600534e-02,-1.938080334230329882e-01,-8.206412825651304699e-02
-4.937274256133361572e-02,-1.938100417727943170e-01,-8.386773547094183989e-02
-4.936914971250189188e-02,-1.938109570087939437e-01,-8.567134268537074382e-02
-4.937001799335707930e-02,-1.938107358309534012e-01,-8.747494989979959223e-02
-4.937550295137163592e-02,-1.938093385477054342e-01,-8.927855711422844065e-02
-4.938578660350245036e-02,-1.938067183602088794e-01,-9.108216432865734458e-02
-4.940110015268752569e-02,-1.938028155205804570e-01,-9.288577154308613748e-02
-4.942171726787479569e-02,-1.937975589688741562e-01,-9.468937875751504141e-02
-4.944791882520998411e-02,-1.937908752337308693e-01,-9.649298597194388982e-02
-4.947994086284561444e-02,-1.937827016330645191e-01,-9.829659318637273824e-02
-4.951792392935219778e-02,-1.937729991761671933e-01,-1.001002004008016422e-01
-4.956188155002850398e-02,-1.937617606681487359e-01,-1.019038076152304351e-01
-4.961169834817127922e-02,-1.937490113187937402e-01,-1.037074148296592835e-01
-4.966715713820801792e-02,-1.937348019892362050e-01,-1.055110220440881874e-01
-4.972798328929566719e-02,-1.937191980108825817e-01,-1.073146292585170358e-01
-4.979388803200426872e-02,-1.937022682227965698e-01,-1.091182364729459398e-01
-4.986459271691601886e-02,-1.936840788324535600e-01,-1.109218436873747327e-01
-4.993982328737989890e-02,-1.936646948982319594e-01,-1.127254509018035811e-01
-5.001927571486929763e-02,-1.936441893188636243e-01,-1.145290581162324850e-01
-5.010256452640814845e-02,-1.936226562876284807e-01,-1.163326653306613334e-01
-5.018917347794547151e-02,-1.936002243428470437e-01,-1.181362725450901818e-01
-5.027842719606735733e-02,-1.935770641338734610e-01,-1.199398797595190302e-01
-5.036949522045083838e-02,-1.935533878578129807e-01,-1.217434869739478787e-01
-5.046142805274025922e-02,-1.935294403414584419e-01,-1.235470941883767271e-01
-5.055321300408586321e-02,-1.935054848188121346e-01,-1.253507014028055755e-01
-5.064383035568231078e-02,-1.934817884114804210e-01,-1.271543086172344794e-01
-5.073229047907806127e-02,-1.934586123767728649e-01,-1.289579158316633278e-01
-5.081764018831988472e-02,-1.934362102753526824e-01,-1.307615230460921762e-01
-5.089893889596147636e-02,-1.934148340207265115e-01,-1.325651302605210247e-01
-5.097521742178721255e-02,-1.933947445221858297e-01,-1.343687374749499286e-01
-5.104543977079011724e-02,-1.933762215956414954e-01,-1.361723446893787770e-01
-5.110848785041777198e-02,-1.933595678254471650e-01,-1.379759519038075699e-01
-5.116318091597865658e-02,-1.933451031667439146e-01,-1.397795591182364738e-01
-5.120832854227533315e-02,-1.933331505146139995e-01,-1.415831663326653223e-01
-5.124280307404326801e-02,-1.933240159243409251e-01,-1.433867735470942262e-01
-5.126560981105648257e-02,-1.933179692907529834e-01,-1.451903807615230746e-01
-5.127593373537386173e-02,-1.933152312146292351e-01,-1.469939879759518675e-01
-5.127315031354708064e-02,-1.933159694824108654e-01,-1.487975951903807714e-01
-5.125680150283325187e-02,-1.933203049338044766e-01,-1.506012024048096198e-01
-5.122655126960547201e-02,-1.933283229250760682e-01,-1.524048096192384683e-01
-5.118214249593582704e-02,-1.933400845389432465e-01,-1.542084168336673722e-01
-5.112337608308945708e-02,-1.933556319786599864e-01,-1.560120240480961651e-01
-5.105012372701964868e-02,-1.933749851130077968e-01,-1.578156312625250135e-01
-5.096237187538241176e-02,-1.933981299103877949e-01,-1.596192384769539174e-01
-5.086028126227951085e-02,-1.934250030113010554e-01,-1.614228456913827658e-01
-5.074423934073427761e-02,-1.934554785311862757e-01,-1.632264529058116698e-01
-5.061488472965478685e-02,-1.934893626114980170e-01,-1.650300601202404627e-01
-5.047309280415597510e-02,-1.935263984648685209e-01,-1.668336673346693111e-01
-5.031992587252048788e-02,-1.935662807933862251e-01,-1.686372745490982150e-01
-5.015656438451780025e-02,-1.936086750358612663e-01,-1.704408817635270634e-01
-4.998424223164634611e-02,-1.936532352648106525e-01,-1.722444889779559118e-01
-4.980420690906699893e-02,-1.936996153175293278e-01,-1.740480961923847603e-01
-4.961771509921798079e-02,-1.937474705598316582e-01,-1.758517034068136087e-01
-4.942606015833199418e-02,-1.937964514051404297e-01,-1.776553106212424571e-01
-4.923061552771455102e-02,-1.938461928817854230e-01,-1.794589178356713610e-01
-4.903287203777815378e-02,-1.938963059465725891e-01,-1.812625250501002094e-01
-4.883444967479146775e-02,-1.939463753849508532e-01,-1.830661322645290578e-01
-4.863707451667734910e-02,-1.939959664077044177e-01,-1.848697394789579063e-01
-4.844252520098785153e-02,-1.940446385555438802e-01,-1.866733466933867547e-01
-4.825256515890597592e-02,-1.940919626248999164e-01,-1.884769539078156586e-01
-4.806888241163966707e-02,-1.941375351231594548e-01,-1.902805611222445070e-01
-4.789305595936880350e-02,-1.941809856573829540e-01,-1.920841683366732999e-01
-4.772655787893951423e-02,-1.942219752577659386e-01,-1.938877755511022039e-01
-4.757078703039760437e-02,-1.942601869177227047e-01,-1.956913827655310523e-01
-4.742711875789736714e-02,-1.942953123632279178e-01,-1.974949899799599562e-01
-4.729694943699638138e-02,-1.943270402541916186e-01,-1.992985971943887491e-01
-4.718171715249017822e-02,-1.943550502727995066e-01,-2.011022044088176530e-01
-4.708288917662040857e-02,-1.943790151914092101e-01,-2.029058116232465014e-01
-4.700191966343021666e-02,-1.943986099434675818e-01,-2.047094188376753499e-01
-4.694019228194547949e-02,-1.944135240885622729e-01,-2.065130260521042260e-01
-4.689896817947717539e-02,-1.944234728208000806e-01,-2.083166332665330467e-01
-4.687935764155944096e-02,-1.944282022421509881e-01,-2.101202404809619229e-01
-4.688232489767327205e-02,-1.944274867712613430e-01,-2.119238476953907990e-01
-4.690872302476763872e-02,-1.944211194911335816e-01,-2.137274549098196474e-01
-4.695934441843818002e-02,-1.944088989007203283e-01,-2.155310621242484959e-01
-4.703496605218770305e-02,-1.943906169764105518e-01,-2.173346693386773443e-01
-4.713637005411487613e-02,-1.943660531526056889e-01,-2.191382765531062204e-01
-4.726432858048180974e-02,-1.943349768925713983e-01,-2.209418837675350966e-01
-4.741955452230685319e-02,-1.942971586228320890e-01,-2.227454909819639173e-01
-4.760263167262677314e-02,-1.942523859772132544e-01,-2.245490981963927934e-01
-4.781394515540549062e-02,-1.942004805572732917e-01,-2.263527054108216419e-01
-4.805363246050815829e-02,-1.941413104090687902e-01,-2.281563126252505180e-01
-4.832156736891974474e-02,-1.940747951873477151e-01,-2.299599198396793664e-01
-4.861737617902527758e-02,-1.940009039501289223e-01,-2.317635270541082149e-01
-4.894047257361760356e-02,-1.939196486802484687e-01,-2.335671342685370910e-01
-4.929008904656707879e-02,-1.938310788335593227e-01,-2.353707414829659395e-01
-4.966528238901768422e-02,-1.937352826028835018e-01,-2.371743486973947879e-01
-5.006489888493084739e-02,-1.936323988893430270e-01,-2.389779559118236640e-01
-5.048749901244911631e-02,-1.935226406482403183e-01,-2.407815631262525125e-01
-5.093125665871189867e-02,-1.934063264093613399e-01,-2.425851703406813609e-01
-5.139385854553888550e-02,-1.932839137222783776e-01,-2.443887775551102093e-01
-5.150961476137946859e-02,-1.932530972252043400e-01,-2.448280061217198988e-01
-5.187549726199436328e-02,-1.931552038745547595e-01,-2.461923847695390855e-01
-5.237073036958383998e-02,-1.930215184909608861e-01,-2.479959919839679616e-01
-5.287452930752360031e-02,-1.928841210429407815e-01,-2.497995991983967823e-01
-5.338234822235542881e-02,-1.927441954982488936e-01,-2.516032064128256307e-01
-5.388922619537083597e-02,-1.926030926544642918e-01,-2.534068136272544791e-01
-5.438985344773430985e-02,-1.924623179792189775e-01,-2.552104208416833830e-01
-5.487860407246970829e-02,-1.923235264211248796e-01,-2.570140280561122315e-01
-5.534953474760107017e-02,-1.921885246398028491e-01,-2.588176352705410799e-01
-5.579636965960493161e-02,-1.920592750502009005e-01,-2.606212424849699838e-01
-5.621250646703828541e-02,-1.919378913000066855e-01,-2.624248496993988322e-01
-5.659107975732855650e-02,-1.918266136173489567e-01,-2.642284569138276806e-01
-5.692510496146105381e-02,-1.917277560112949641e-01,-2.660320641282565290e-01
-5.720770098296904665e-02,-1.916436248567721101e-01,-2.678356713426853775e-01
-5.743236277443808380e-02,-1.915764174060715086e-01,-2.696392785571142259e-01
-5.758466182623332014e-02,-1.915306939431858924e-01,-2.713469969540357463e-01
-5.759331822754696489e-02,-1.915280911394997287e-01,-2.714428857715430743e-01
-5.768630752831214320e-02,-1.915001042395251540e-01,-2.732464929859719227e-01
-5.770589175249014879e-02,-1.914942037165874300e-01,-2.750501002004008266e-01
-5.764918164880040996e-02,-1.915112838848500310e-01,-2.768537074148296195e-01
-5.758466182623332014e-02,-1.915306939431858924e-01,-2.777159717614168244e-01
-5.751504542885517435e-02,-1.915516106675084484e-01,-2.786573146292585235e-01
-5.730344405764586924e-02,-1.916150184592331218e-01,-2.804609218436873719e-01
-5.701408908854428692e-02,-1.917013136246163985e-01,-2.822645290581162758e-01
-5.664836547376689291e-02,-1.918097043664645784e-01,-2.840681362725451242e-01
-5.620876457090567824e-02,-1.919389871428223149e-01,-2.858717434869739726e-01
-5.569891437357387537e-02,-1.920875606009022352e-01,-2.876753507014028211e-01
-5.512355373053545032e-02,-1.922534624502684197e-01,-2.894789579158316695e-01
-5.448841827843754759e-02,-1.924344362984807266e-01,-2.912825651302605179e-01
-5.380003290320894971e-02,-1.926280261530332050e-01,-2.930861723446893663e-01
-5.306543698997922415e-02,-1.928316867038779581e-01,-2.948897795591182147e-01
-5.229189138113565088e-02,-1.930428918551095330e-01,-2.966933867735471186e-01
-5.150961476137946859e-02,-1.932530972252043400e-01,-2.984447422826719265e-01
-5.148681346231585160e-02,-1.932591732350542046e-01,-2.984969939879759115e-01
-5.066378369062344428e-02,-1.934765645295308811e-01,-3.003006012024048155e-01
-4.982288382929488807e-02,-1.936948121322111804e-01,-3.021042084168337194e-01
-4.897041009155390923e-02,-1.939120907407917149e-01,-3.039078156312625123e-01
-4.811232913310736770e-02,-1.941267724591009269e-01,-3.057114228456914162e-01
-4.725428212557782059e-02,-1.943374200219718517e-01,-3.075150300601202646e-01
-4.640155712443221059e-02,-1.945427857732793253e-01,-3.093186372745491131e-01
-4.555902409356126642e-02,-1.947418170903268131e-01,-3.111222444889779615e-01
-4.538322179231810138e-02,-1.947828616171075611e-01,-3.114998673289256503e-01
-4.473583086413399079e-02,-1.949325663835973776e-01,-3.129258517034068099e-01
-4.393213712474513394e-02,-1.951152667723686784e-01,-3.147294589178356583e-01
-4.314978896569362371e-02,-1.952897737010725054e-01,-3.165330661322645067e-01
-4.239131650942493806e-02,-1.954558167069933017e-01,-3.183366733466933551e-01
-4.165871586608917154e-02,-1.956132699803069530e-01,-3.201402805611222591e-01
-4.095355708050803234e-02,-1.957621162596419606e-01,-3.219438877755511075e-01
-4.027710046542160027e-02,-1.959024123845807541e-01,-3.237474949899800114e-01
-3.963039170677161438e-02,-1.960342624470728934e-01,-3.255511022044088598e-01
-3.921158984079561177e-02,-1.961184622164808267e-01,-3.267711508658542319e-01
-3.901555744750376253e-02,-1.961575547284899745e-01,-3.273547094188377082e-01
-3.843452898987877869e-02,-1.962722267192334447e-01,-3.291583166332665567e-01
-3.788522388138435004e-02,-1.963789953418068335e-01,-3.309619238476954051e-01
-3.736798544767334224e-02,-1.964780742566011595e-01,-3.327655310621242535e-01
-3.688292826288393222e-02,-1.965697067270411325e-01,-3.345691382765531019e-01
-3.642995119005620897e-02,-1.966541600279285429e-01,-3.363727454909819503e-01
-3.600878727777383909e-02,-1.967317138612482141e-01,-3.381763527054107987e-01
-3.561908062008996984e-02,-1.968026450426404450e-01,-3.399799599198397027e-01
-3.526046991531985725e-02,-1.968672122557507675e-01,-3.417835671342685511e-01
-3.493265560710293732e-02,-1.969256447805504684e-01,-3.435871743486973995e-01
-3.463543301296388710e-02,-1.969781378224611246e-01,-3.453907815631262479e-01
-3.436868564996014425e-02,-1.970248548957573287e-01,-3.471943887775550963e-01
-3.413234678136577854e-02,-1.970659354206012737e-01,-3.489979959919840002e-01
-3.392634810464648099e-02,-1.971015040639780558e-01,-3.508016032064128487e-01
-3.375057863999438718e-02,-1.971316779248468709e-01,-3.526052104208416971e-01
-3.360487283709400613e-02,-1.971565685479506058e-01,-3.544088176352705455e-01
-3.348903613985784039e-02,-1.971762776259438910e-01,-3.562124248496993939e-01
-3.340290251370661018e-02,-1.971908874762214048e-01,-3.580160320641282423e-01
-3.334640656846767776e-02,-1.972004492108739016e-01,-3.598196392785570907e-01
-3.331964713778957921e-02,-1.972049723374469099e-01,-3.616232464929859947e-01
-3.332292169229523343e-02,-1.972044190424980525e-01,-3.634268537074148431e-01
-3.335672108816369746e-02,-1.971987047580344987e-01,-3.652304609218436915e-01
-3.342168847563076889e-02,-1.971877043312738886e-01,-3.670340681362725399e-01
-3.351855969682709241e-02,-1.971712609784961601e-01,-3.688376753507014438e-01
-3.364811031128644297e-02,-1.971491939432659934e-01,-3.706412825651302922e-01
-3.381113349390720002e-02,-1.971213008577642201e-01,-3.724448897795591407e-01
-3.400846341622930369e-02,-1.970873522478472084e-01,-3.742484969939879891e-01
-3.424104337631105749e-02,-1.970470780004148770e-01,-3.760521042084168375e-01
-3.451002206756553087e-02,-1.970001481646553032e-01,-3.778557114228456859e-01
-3.481685065576809596e-02,-1.969461523117777002e-01,-3.796593186372745343e-01
-3.516335202055855674e-02,-1.968845821152034326e-01,-3.814629258517033827e-01
-3.555174282625158527e-02,-1.968148205344711077e-01,-3.832665330661322867e-01
-3.598460649946234186e-02,-1.967361382539538628e-01,-3.850701402805611351e-01
-3.646483507293632464e-02,-1.966476946295164785e-01,-3.868737474949899835e-01
-3.699557326361296167e-02,-1.965485374122551143e-01,-3.886773547094188319e-01
-3.758020322732376350e-02,-1.964375939717065700e-01,-3.904809619238477358e-01
-3.822240050527268840e-02,-1.963136472576844094e-01,-3.922845691382765843e-01
-3.892627240706336700e-02,-1.961752923191172338e-01,-3.940881763527054327e-01
-3.921158984079561177e-02,-1.961184622164808267e-01,-3.947643566311715979e-01
-3.969963599957279654e-02,-1.960202512535412223e-01,-3.958917835671342811e-01
-4.054730552443087943e-02,-1.958466645483360191e-01,-3.976953907815631295e-01
-4.147424856428021112e-02,-1.956524640939344417e-01,-3.994989979959919779e-01
-4.248853179432816179e-02,-1.954347069124682534e-01,-4.013026052104208263e-01
-4.359962399141609213e-02,-1.951898378189990124e-01,-4.031062124248497303e-01
-4.481846070064384596e-02,-1.949135849047594071e-01,-4.049098196392785787e-01
-4.538322179231810138e-02,-1.947828616171075611e-01,-4.056831777859422616e-01
-4.616323777518613336e-02,-1.945994745062576969e-01,-4.067134268537074271e-01
-4.764759138332139154e-02,-1.942413628333781173e-01,-4.085170340681362755e-01
-4.928376936597643476e-02,-1.938326857810138693e-01,-4.103206412825651239e-01
-5.109096059322189298e-02,-1.933641997518202871e-01,-4.121242484969939723e-01
-5.150961476137946859e-02,-1.932530972252043400e-01,-4.125128016581856016e-01
-5.310545851812934620e-02,-1.928206686939427650e-01,-4.139278557114228763e-01
-5.534723179737935372e-02,-1.921891878654133912e-01,-4.157314629258517247e-01
-5.758466182623332014e-02,-1.915306939431858924e-01,-4.173524733192959801e-01
-5.785011463091907502e-02,-1.914506835641741067e-01,-4.175350701402805731e-01
-6.067915162223677661e-02,-1.905729271392072599e-01,-4.193386773547094215e-01
-6.360230724784775302e-02,-1.896173687001019015e-01,-4.209988120744611040e-01
-6.387033311894381449e-02,-1.895272554206258731e-01,-4.211422845691382699e-01
-6.752428705959039046e-02,-1.882563960589228869e-01,-4.229458917835671183e-01
-6.955655250639647402e-02,-1.875150287401650129e-01,-4.238499967410772062e-01
-7.172040190182482622e-02,-1.866981091255096870e-01,-4.247494989979960223e-01
-7.544146228071527127e-02,-1.852257697215682342e-01,-4.261521402221835619e-01
-7.658604873227436993e-02,-1.847554522594061499e-01,-4.265531062124248707e-01
-8.125117036475777710e-02,-1.827518736274873490e-01,-4.280485716262266704e-01
-8.229154918578557298e-02,-1.822857672244419525e-01,-4.283567134268537191e-01
-8.697988551515863087e-02,-1.800958064913503187e-01,-4.296379225110037448e-01
-8.906177505212257983e-02,-1.790754037397797316e-01,-4.301603206412825675e-01
-9.262189722406966030e-02,-1.772602159386416909e-01,-4.309906636789202494e-01
-9.719638016451681573e-02,-1.747937747258601071e-01,-4.319639278557114159e-01
-9.817158141151877127e-02,-1.742479285476919160e-01,-4.321580272780968235e-01
-1.036234060316155586e-01,-1.710619470320823288e-01,-4.331685356832639111e-01
-1.071625970048687704e-01,-1.688673378814627146e-01,-4.337675350701403199e-01
-1.089719365870140816e-01,-1.677054472474754920e-01,-4.340567817755502378e-01
-1.142118415461390035e-01,-1.641817750258524888e-01,-4.348375119781604514e-01
-1.193378976577713080e-01,-1.604944428403155265e-01,-4.355349364988398975e-01
-1.196197756121217676e-01,-1.602844636342076745e-01,-4.355711422845691683e-01
-1.243449951576990620e-01,-1.566471263037780837e-01,-4.361508814484563179e-01
-1.292281428622420181e-01,-1.526436605050336404e-01,-4.367050646052831886e-01
-1.339824731435710348e-01,-1.484880361858566256e-01,-4.372058171093323176e-01
-1.356819988418242751e-01,-1.469367047074596755e-01,-4.373747494989980167e-01
-1.386032467818663905e-01,-1.441843957629432571e-01,-4.376547589747419864e-01
-1.430858576894742940e-01,-1.397370291986612667e-01,-4.380599697095602374e-01
-1.474258375023557999e-01,-1.351503697247217473e-01,-4.384288091955577671e-01
-1.516188600342490977e-01,-1.304289894230373503e-01,-4.387651041712793964e-01
-1.556607455891060032e-01,-1.255775946681716992e-01,-4.390721277237695785e-01
-1.571282217527092961e-01,-1.237365020066084620e-01,-4.391783567134268651e-01
-1.595474651275039235e-01,-1.206010214359228699e-01,-4.393496966306059681e-01
-1.632751442828798416e-01,-1.155042304827176985e-01,-4.396018233434647038e-01
-1.668400672235835214e-01,-1.102923024006214753e-01,-4.398324024943137123e-01
-1.702386803568989304e-01,-1.049704325528936777e-01,-4.400432330009219073e-01
-1.734675958713429444e-01,-9.954392589513663681e-02,-4.402358836157407307e-01
-1.765235951137093806e-01,-9.401819168720063069e-02,-4.404117255450713531e-01
-1.794036317974927464e-01,-8.839873810111578689e-02,-4.405719594241004344e-01
-1.821048350394924575e-01,-8.269116673042679888e-02,-4.407176377279188872e-01
-1.846245122215721679e-01,-7.690116700640216296e-02,-4.408496834654336283e-01
-1.869601516747196879e-01,-7.103451052668567633e-02,-4.409689058245758742e-01
-1.872294973564339049e-01,-7.032151391755658842e-02,-4.409819639278557135e-01
-1.891094251827334372e-01,-6.509704530204236950e-02,-4.410744249104870396e-01
-1.910701903030389837e-01,-5.909468992693396594e-02,-4.411684215635313100e-01
-1.928404925023223804e-01,-5.303342767973570626e-02,-4.412516456752779148e-01
-1.944185671048513919e-01,-4.691930055847373660e-02,-4.413245552371129476e-01
-1.958028410515429141e-01,-4.075840325803042896e-02,-4.413875432990692627e-01
-1.969919344680221007e-01,-3.455687709481992942e-02,-4.414409433250634507e-01
-1.979846620401114476e-01,-2.832090388499035674e-02,-4.414850336216699089e-01
-1.987800341953775973e-01,-2.205669978225496819e-02,-4.415200409528584613e-01
-1.993772580895586399e-01,-1.577050908149527086e-02,-4.415461434299169929e-01
-1.997757383968887246e-01,-9.468597994311593602e-03,-4.415634727461845155e-01
-1.999750779035314729e-01,-3.157248402727404462e-03,-4.415721158093656173e-01
-1.999750779035314729e-01,3.157248402727364130e-03,-4.415721158093656173e-01
-1.997757383968887246e-01,9.468597994311642174e-03,-4.415634727461845155e-01
-1.993772580895586399e-01,1.577050908149532291e-02,-4.415461434299169929e-01
-1.987800341953775696e-01,2.205669978225510697e-02,-4.415200409528584613e-01
-1.979846620401114476e-01,2.832090388499031858e-02,-4.414850336216699089e-01
-1.969919344680221007e-01,3.455687709481988085e-02,-4.414409433250634507e-01
-1.958028410515429141e-01,4.075840325803038039e-02,-4.413875432990692627e-01
-1.944185671048513919e-01,4.691930055847377129e-02,-4.413245552371129476e-01
-1.928404925023223526e-01,5.303342767973574789e-02,-4.412516456752779148e-01
-1.910701903030389559e-01,5.909468992693400757e-02,-4.411684215635313100e-01
-1.891094251827334372e-01,6.509704530204232786e-02,-4.410744249104870396e-01
-1.872294973564338494e-01,7.032151391755679659e-02,-4.409819639278557135e-01
-1.869601516747196601e-01,7.103451052668573185e-02,-4.409689058245758742e-01
-1.846245122215721401e-01,7.690116700640220460e-02,-4.408496834654336283e-01
-1.821048350394924575e-01,8.269116673042684051e-02,-4.407176377279188872e-01
-1.794036317974927186e-01,8.839873810111582852e-02,-4.405719594241004344e-01
-1.765235951137094084e-01,9.401819168720060294e-02,-4.404117255450713531e-01
-1.734675958713429444e-01,9.954392589513660905e-02,-4.402358836157407307e-01
-1.702386803568989027e-01,1.049704325528936916e-01,-4.400432330009219073e-01
-1.668400672235834936e-01,1.102923024006215169e-01,-4.398324024943137123e-01
-1.632751442828798139e-01,1.155042304827177263e-01,-4.396018233434647038e-01
-1.595474651275038680e-01,1.206010214359229116e-01,-4.393496966306059681e-01
-1.571282217527093239e-01,1.237365020066084481e-01,-4.391783567134268651e-01
-1.556607455891059755e-01,1.255775946681717270e-01,-4.390721277237695785e-01
-1.516188600342490700e-01,1.304289894230373503e-01,-4.387651041712793964e-01
-1.474258375023557999e-01,1.351503697247217750e-01,-4.384288091955577671e-01
-1.430858576894742384e-01,1.397370291986613222e-01,-4.380599697095602374e-01
-1.386032467818663627e-01,1.441843957629432849e-01,-4.376547589747419864e-01
-1.356819988418241640e-01,1.469367047074597588e-01,-4.373747494989980167e-01
-1.339824731435709793e-01,1.484880361858566811e-01,-4.372058171093323731e-01
-1.292281428622419071e-01,1.526436605050337514e-01,-4.367050646052831886e-01
-1.243449951576990203e-01,1.566471263037781114e-01,-4.361508814484563179e-01
-1.196197756121215594e-01,1.602844636342078133e-01,-4.355711422845691683e-01
-1.193378976577711692e-01,1.604944428403156376e-01,-4.355349364988399530e-01
-1.142118415461389480e-01,1.641817750258525166e-01,-4.348375119781605069e-01
-1.089719365870140955e-01,1.677054472474754920e-01,-4.340567817755502378e-01
-1.071625970048686594e-01,1.688673378814627979e-01,-4.337675350701403199e-01
-1.036234060316154199e-01,1.710619470320824398e-01,-4.331685356832639666e-01
-9.817158141151870188e-02,1.742479285476919437e-01,-4.321580272780968235e-01
-9.719638016451674634e-02,1.747937747258601071e-01,-4.319639278557114159e-01
-9.262189722406954928e-02,1.772602159386417464e-01,-4.309906636789202494e-01
-8.906177505212253820e-02,1.790754037397797593e-01,-4.301603206412825675e-01
-8.697988551515860312e-02,1.800958064913503465e-01,-4.296379225110037448e-01
-8.229154918578533706e-02,1.822857672244420635e-01,-4.283567134268537191e-01
-8.125117036475781873e-02,1.827518736274873490e-01,-4.280485716262266704e-01
-7.658604873227431442e-02,1.847554522594061499e-01,-4.265531062124248707e-01
-7.544146228071518800e-02,1.852257697215682619e-01,-4.261521402221835619e-01
-7.172040190182474295e-02,1.866981091255097425e-01,-4.247494989979960223e-01
-6.955655250639647402e-02,1.875150287401650129e-01,-4.238499967410772062e-01
-6.752428705959008515e-02,1.882563960589229979e-01,-4.229458917835671183e-01
-6.387033311894356469e-02,1.895272554206259563e-01,-4.211422845691382699e-01
-6.360230724784762812e-02,1.896173687001019292e-01,-4.209988120744611595e-01
-6.067915162223677661e-02,1.905729271392072599e-01,-4.193386773547094215e-01
-5.785011463091911665e-02,1.914506835641741067e-01,-4.175350701402805731e-01
-5.758466182623328544e-02,1.915306939431859201e-01,-4.173524733192960356e-01
-5.534723179737922882e-02,1.921891878654134189e-01,-4.157314629258517247e-01
-5.310545851812922824e-02,1.928206686939428205e-01,-4.139278557114228763e-01
-5.150961476137934369e-02,1.932530972252043677e-01,-4.125128016581857127e-01
-5.109096059322154604e-02,1.933641997518203703e-01,-4.121242484969939723e-01
-4.928376936597625435e-02,1.938326857810138693e-01,-4.103206412825651239e-01
-4.764759138332143318e-02,1.942413628333781173e-01,-4.085170340681362755e-01
-4.616323777518612642e-02,1.945994745062576969e-01,-4.067134268537074271e-01
-4.538322179231801118e-02,1.947828616171075611e-01,-4.056831777859422061e-01
-4.481846070064371412e-02,1.949135849047594071e-01,-4.049098196392785787e-01
-4.359962399141604356e-02,1.951898378189990124e-01,-4.031062124248497303e-01
-4.248853179432807159e-02,1.954347069124682812e-01,-4.013026052104208263e-01
-4.147424856428012091e-02,1.956524640939344417e-01,-3.994989979959919779e-01
-4.054730552443069902e-02,1.958466645483360746e-01,-3.976953907815631295e-01
-3.969963599957279654e-02,1.960202512535412223e-01,-3.958917835671342811e-01
-3.921158984079560483e-02,1.961184622164808267e-01,-3.947643566311717089e-01
-3.892627240706331149e-02,1.961752923191172338e-01,-3.940881763527054327e-01
