-8.124812357904320770e-02,1.827532281927860547e-01,-3.796593186372745343e-01
-8.053726232167093824e-02,1.830676087617095771e-01,-3.778557114228456859e-01
-7.991325079282257660e-02,1.833408638239807376e-01,-3.760521042084168375e-01
-7.937305367172313442e-02,1.835753751210269513e-01,-3.742484969939879891e-01
-7.891427594405063528e-02,1.837730585592627919e-01,-3.724448897795591407e-01
-7.853494690576451331e-02,1.839354835655936105e-01,-3.706412825651302922e-01
-7.823330297223669849e-02,1.840639842719216657e-01,-3.688376753507014438e-01
-7.800763391337091346e-02,1.841597378669873886e-01,-3.670340681362725399e-01
-7.785623218073477181e-02,1.842237962658991590e-01,-3.652304609218436915e-01
-7.777744769697990390e-02,1.842570721295211378e-01,-3.634268537074148431e-01
-7.776981426065621150e-02,1.842602941218293156e-01,-3.616232464929859947e-01
-7.783219088424465915e-02,1.842339546939122386e-01,-3.598196392785570907e-01
-7.796385915076629869e-02,1.841782741430690040e-01,-3.580160320641282423e-01
-7.816453598808076331e-02,1.840931973587509596e-01,-3.562124248496993939e-01
-7.843429301623193461e-02,1.839784272110289443e-01,-3.544088176352705455e-01
-7.877340728478038345e-02,1.838334852651880569e-01,-3.526052104208416971e-01
-7.918219193447387227e-02,1.836577808873126605e-01,-3.508016032064128487e-01
-7.966086106621438068e-02,1.834506669766814702e-01,-3.489979959919840002e-01
-8.020946933650383026e-02,1.832114653310661367e-01,-3.471943887775550963e-01
-8.082793877441629693e-02,1.829394553219157726e-01,-3.453907815631262479e-01
-8.125117036475781873e-02,1.827518736274873490e-01,-3.442783312365224613e-01
-8.151989821134117409e-02,1.826321609016675340e-01,-3.435871743486973995e-01
-8.228851820461896560e-02,1.822871355079345723e-01,-3.417835671342685511e-01
-8.312793484515818010e-02,1.819058724955825712e-01,-3.399799599198397027e-01
-8.403844879185966288e-02,1.814870219179817445e-01,-3.381763527054107987e-01
-8.502045629100009327e-02,1.810290639982158889e-01,-3.363727454909819503e-01
-8.607428816571981167e-02,1.805303767147363736e-01,-3.345691382765531019e-01
-8.697988551515860312e-02,1.800958064913503465e-01,-3.331149402596362274e-01
-8.720339420115863494e-02,1.799876885784061908e-01,-3.327655310621242535e-01
-8.841899400741685955e-02,1.793936495495768169e-01,-3.309619238476954051e-01
-8.970619746451798104e-02,1.787534562923383252e-01,-3.291583166332665567e-01
-9.106345745363636501e-02,1.780658493832822653e-01,-3.273547094188377082e-01
-9.248868787257166768e-02,1.773297567122055773e-01,-3.255511022044088598e-01
-9.262189722406954928e-02,1.772602159386417464e-01,-3.253878705569550611e-01
-9.400188714544172042e-02,1.765322781054378121e-01,-3.237474949899800114e-01
-9.558072322288868605e-02,1.756824560056853002e-01,-3.219438877755511075e-01
-9.721957633074938820e-02,1.747808741769808216e-01,-3.201402805611222591e-01
-9.817158141151870188e-02,1.742479285476919437e-01,-3.191207248723847423e-01
-9.892784046719219071e-02,1.738196835243286664e-01,-3.183366733466933551e-01
-1.007054026470583924e-01,1.727958965881245812e-01,-3.165330661322645067e-01
-1.025294032884307427e-01,1.717198924449882536e-01,-3.147294589178356583e-01
-1.036234060316154199e-01,1.710619470320824398e-01,-3.136641173974309416e-01
-1.044077371210709732e-01,1.705843616198663704e-01,-3.129258517034068099e-01
-1.063388209958609221e-01,1.693872933522767577e-01,-3.111222444889779615e-01
-1.082917200137655800e-01,1.681454827714982114e-01,-3.093186372745491131e-01
-1.089719365870140955e-01,1.677054472474754920e-01,-3.086880298722765592e-01
-1.102820504166851373e-01,1.668468440093840155e-01,-3.075150300601202646e-01
-1.122852040910610055e-01,1.655053864447583178e-01,-3.057114228456914162e-01
-1.142118415461389480e-01,1.641817750258525166e-01,-3.039637038173048644e-01
-1.142756762024389472e-01,1.641373504979148079e-01,-3.039078156312625123e-01
-1.162808293791386949e-01,1.627229815327252416e-01,-3.021042084168337194e-01
-1.182438077918791519e-01,1.613022068010141474e-01,-3.003006012024048155e-01
-1.193378976577711692e-01,1.604944428403156376e-01,-2.992604258787364691e-01
-1.201696660014166529e-01,1.598726098276623819e-01,-2.984969939879759115e-01
-1.220485939536823938e-01,1.584428626159258835e-01,-2.966933867735471186e-01
-1.238394577675916985e-01,1.570470907079430101e-01,-2.948897795591182147e-01
-1.243449951576990203e-01,1.566471263037781114e-01,-2.943459551004543595e-01
-1.255570968593816561e-01,1.556772797432041944e-01,-2.930861723446893663e-01
-1.271664259139445308e-01,1.543654758042524999e-01,-2.912825651302605179e-01
-1.286405425373985945e-01,1.531391877204647811e-01,-2.894789579158316695e-01
-1.292281428622419071e-01,1.526436605050337514e-01,-2.886769450981619967e-01
-1.299868869668670268e-01,1.519980566213362527e-01,-2.876753507014028211e-01
-1.311863903937514619e-01,1.509640055624460464e-01,-2.858717434869739726e-01
-1.322147623109951320e-01,1.500641750287091958e-01,-2.840681362725451242e-01
-1.330661356891027214e-01,1.493097569911936706e-01,-2.822645290581162758e-01
-1.337370205124173983e-01,1.487091434460613704e-01,-2.804609218436873719e-01
-1.339824731435709793e-01,1.484880361858566811e-01,-2.795547617792614181e-01
-1.342331413718948763e-01,1.482614709134942033e-01,-2.786573146292585235e-01
-1.345499808547128140e-01,1.479739931609484471e-01,-2.768537074148296195e-01
-1.346831104194608775e-01,1.478528314498552820e-01,-2.750501002004008266e-01
-1.346371465422813163e-01,1.478946881093174126e-01,-2.732464929859719227e-01
-1.344187439625255942e-01,1.480932181821200122e-01,-2.714428857715430743e-01
-1.340366726198331249e-01,1.484391134202966145e-01,-2.696392785571142259e-01
-1.339824731435709793e-01,1.484880361858566811e-01,-2.694569034835971877e-01
-1.335153011265276524e-01,1.489082414277082544e-01,-2.678356713426853775e-01
-1.328593391723824346e-01,1.494937991847081482e-01,-2.660320641282565290e-01
-1.320810615625296336e-01,1.501818670030282132e-01,-2.642284569138276806e-01
-1.311951669086811878e-01,1.509563784005276688e-01,-2.624248496993988322e-01
-1.302167265403073315e-01,1.518011993665623893e-01,-2.606212424849699838e-01
-1.292281428622419071e-01,1.526436605050337514e-01,-2.589333049653724794e-01
-1.291625213505652736e-01,1.526991914790801208e-01,-2.588176352705410799e-01
-1.280732561704289452e-01,1.536139350902244460e-01,-2.570140280561122315e-01
-1.269367354100641998e-01,1.545544085538660961e-01,-2.552104208416833830e-01
-1.257662911209951884e-01,1.555083278080923170e-01,-2.534068136272544791e-01
-1.245748049105828703e-01,1.564644304034953082e-01,-2.516032064128256307e-01
-1.243449951576990203e-01,1.566471263037781114e-01,-2.512596472448990759e-01
-1.233987729029764058e-01,1.573935921377984659e-01,-2.497995991983967823e-01
-1.222317509647538047e-01,1.583016078758848755e-01,-2.479959919839679616e-01
-1.210788711610121804e-01,1.591851342254515245e-01,-2.461923847695390855e-01
-1.199499858244513634e-01,1.600374984205699125e-01,-2.443887775551102093e-01
-1.193378976577711692e-01,1.604944428403156376e-01,-2.433846026462013201e-01
-1.188650289762785556e-01,1.608449715921155543e-01,-2.425851703406813609e-01
-1.178335378531448763e-01,1.616021576496164125e-01,-2.407815631262525125e-01
-1.168473193125066784e-01,1.623166780385832952e-01,-2.389779559118236640e-01
-1.159112664579392132e-01,1.629864359635997961e-01,-2.371743486973947879e-01
-1.150293802890190176e-01,1.636100292473668949e-01,-2.353707414829659395e-01
-1.142118415461389480e-01,1.641817750258525166e-01,-2.335822153050533534e-01
-1.142051338718788056e-01,1.641864409666834723e-01,-2.335671342685370910e-01
-1.134576668256790377e-01,1.647038488878544982e-01,-2.317635270541082149e-01
-1.127715471221073379e-01,1.651743871176349632e-01,-2.299599198396793664e-01
-1.121486211620045942e-01,1.655979672926608526e-01,-2.281563126252505180e-01
-1.115902009695070307e-01,1.659747783477509009e-01,-2.263527054108216419e-01
-1.110969766042007589e-01,1.663053270024916486e-01,-2.245490981963927934e-01
-1.106689731602205073e-01,1.665904510458579568e-01,-2.227454909819639173e-01
-1.103055850758695167e-01,1.668312857382275027e-01,-2.209418837675350966e-01
-1.100056897693415109e-01,1.670291837325783013e-01,-2.191382765531062204e-01
-1.097678119211338149e-01,1.671856078316749095e-01,-2.173346693386773443e-01
-1.095902902109572308e-01,1.673020271589025776e-01,-2.155310621242484959e-01
-1.094713968648511337e-01,1.673798472590361242e-01,-2.137274549098196474e-01
-1.094093772072174675e-01,1.674203935580394209e-01,-2.119238476953907990e-01
-1.094024051351216581e-01,1.674249496062361342e-01,-2.101202404809619229e-01
-1.094484803823993213e-01,1.673948330803061435e-01,-2.083166332665330467e-01
-1.095453136356798751e-01,1.673314801836777166e-01,-2.065130260521042260e-01
-1.096902487046165081e-01,1.672365071960048577e-01,-2.047094188376753499e-01
-1.098802560409944395e-01,1.671117270940777333e-01,-2.029058116232465014e-01
-1.101120045578669465e-01,1.669591161100474341e-01,-2.011022044088176530e-01
-1.103819890586643926e-01,1.667807437669376336e-01,-1.992985971943887491e-01
-1.106866696230695002e-01,1.665786936188222989e-01,-1.974949899799599562e-01
-1.110225748201416063e-01,1.663550055763458602e-01,-1.956913827655310523e-01
-1.113863343622818747e-01,1.661116627974506543e-01,-1.938877755511022039e-01
-1.117746337043446642e-01,1.658506293634714468e-01,-1.920841683366732999e-01
-1.121841130599110364e-01,1.655739254138799965e-01,-1.902805611222445070e-01
-1.126112550219199315e-01,1.652837113643934319e-01,-1.884769539078156586e-01
-1.130523101302522565e-01,1.649823480685532751e-01,-1.866733466933867547e-01
-1.135032962170573478e-01,1.646724073664526944e-01,-1.848697394789579063e-01
-1.139600801286094339e-01,1.643566248652025552e-01,-1.830661322645290578e-01
-1.142118415461389480e-01,1.641817750258525166e-01,-1.820742664317060444e-01
-1.144231079051041960e-01,1.640346072551060186e-01,-1.812625250501002094e-01
-1.148893200459689956e-01,1.637084119383451497e-01,-1.794589178356713610e-01
-1.153493168626332221e-01,1.633846232034209534e-01,-1.776553106212424571e-01
-1.157996227426593416e-01,1.630657762151757617e-01,-1.758517034068136087e-01
-1.162370606846164639e-01,1.627542494787794780e-01,-1.740480961923847603e-01
-1.166586616264533860e-01,1.624523212131013528e-01,-1.722444889779559118e-01
-1.170615600792399569e-01,1.621622371324917822e-01,-1.704408817635270634e-01
-1.174429275821816943e-01,1.618862525383994166e-01,-1.686372745490982150e-01
-1.177999807237816721e-01,1.616266207698368873e-01,-1.668336673346693111e-01
-1.181300711365907835e-01,1.613855207051240193e-01,-1.650300601202404627e-01
-1.184308322708105127e-01,1.611649402557614463e-01,-1.632264529058116698e-01
-1.187003345530162762e-01,1.609665511123413995e-01,-1.614228456913827658e-01
-1.189371958505227034e-01,1.607916149655025106e-01,-1.596192384769539174e-01
-1.191406099349090753e-01,1.606409507701502815e-01,-1.578156312625250690e-01
-1.193102858085755558e-01,1.605149703307327536e-01,-1.560120240480961651e-01
-1.193378976577711692e-01,1.604944428403156376e-01,-1.556456979556016806e-01
-1.194488989067547247e-01,1.604118466634054385e-01,-1.542084168336673722e-01
-1.195540899617852093e-01,1.603334636730878171e-01,-1.524048096192384683e-01
-1.196257178993953563e-01,1.602800287529743406e-01,-1.506012024048096198e-01
-1.196644206848464231e-01,1.602511354785360054e-01,-1.487975951903807714e-01
-1.196710093125158275e-01,1.602462153379098087e-01,-1.469939879759518675e-01
-1.196465706990088862e-01,1.602644630601777198e-01,-1.451903807615230746e-01
-1.195925743541250696e-01,1.603047602516939341e-01,-1.433867735470942262e-01
-1.195109312364077137e-01,1.603656363283812447e-01,-1.415831663326653223e-01
-1.194039709068250854e-01,1.604452920209317734e-01,-1.397795591182364738e-01
-1.193378976577711692e-01,1.604944428403156376e-01,-1.388606463192268992e-01
-1.192758093072531778e-01,1.605405908613138921e-01,-1.379759519038075699e-01
-1.191297564457642483e-01,1.606489997764470878e-01,-1.361723446893787770e-01
-1.189669829922966049e-01,1.607695772144425717e-01,-1.343687374749499286e-01
-1.187900508814088152e-01,1.609003536714332661e-01,-1.325651302605210247e-01
-1.186013361739287897e-01,1.610395077543356479e-01,-1.307615230460921762e-01
-1.184030651324285560e-01,1.611853410433029543e-01,-1.289579158316633278e-01
-1.181974034694199677e-01,1.613362135823422638e-01,-1.271543086172344794e-01
-1.179865526705081297e-01,1.614904746074189434e-01,-1.253507014028056310e-01
-1.177728061687141614e-01,1.616464231808006635e-01,-1.235470941883767271e-01
-1.175585351956484753e-01,1.618023201398962607e-01,-1.217434869739478787e-01
-1.173461025477928743e-01,1.619564516061119397e-01,-1.199398797595190302e-01
-1.171377312331390447e-01,1.621072235329224509e-01,-1.181362725450901818e-01
-1.169353730207987746e-01,1.622532543170911445e-01,-1.163326653306613334e-01
-1.167406225789409391e-01,1.623934328717798747e-01,-1.145290581162324850e-01
-1.165547061555822217e-01,1.625269223020785747e-01,-1.127254509018035811e-01
-1.163785462132849863e-01,1.626531093501820957e-01,-1.109218436873747327e-01
-1.162128756246635364e-01,1.627715194345942251e-01,-1.091182364729459398e-01
-1.160583574691360503e-01,1.628817290599723355e-01,-1.073146292585170358e-01
-1.159156656545421715e-01,1.629833072920794379e-01,-1.055110220440881874e-01
-1.157854976424941840e-01,1.630758061015795679e-01,-1.037074148296592835e-01
-1.156685172269657641e-01,1.631588003220026395e-01,-1.019038076152304351e-01
-1.155652523895729367e-01,1.632319590035428980e-01,-1.001002004008016422e-01
-1.154759904769254997e-01,1.632951181859795264e-01,-9.829659318637273824e-02
-1.154007139042206309e-01,1.633483248472301641e-01,-9.649298597194388982e-02
-1.153391040900689224e-01,1.633918329283940984e-01,-9.468937875751504141e-02
-1.152906153824417440e-01,1.634260505694789534e-01,-9.288577154308613748e-02
-1.152545942361619669e-01,1.634514561191109938e-01,-9.108216432865734458e-02
-1.152304018809542363e-01,1.634685122045031191e-01,-8.927855711422844065e-02
-1.152174975848851146e-01,1.634776077946976658e-01,-8.747494989979959223e-02
-1.152154547492868081e-01,1.634790475471246674e-01,-8.567134268537074382e-02
-1.152239076722915423e-01,1.634730898366065777e-01,-8.386773547094183989e-02
-1.152424531240631156e-01,1.634600165115253079e-01,-8.206412825651304699e-02
-1.152705478833985914e-01,1.634402055513303476e-01,-8.026052104208419857e-02
-1.153074446641831341e-01,1.634141768789242888e-01,-7.845691382765529465e-02
-1.153521939845739280e-01,1.633825919213709454e-01,-7.665330661322644623e-02
-1.154037142041188235e-01,1.633462051836346296e-01,-7.484969939879759782e-02
-1.154609058224158602e-01,1.633057844250080937e-01,-7.304609218436874940e-02
-1.155227691400463330e-01,1.632620280721012174e-01,-7.124248496993990099e-02
-1.155884830038617778e-01,1.632155096700860786e-01,-6.943887775551099706e-02
-1.156574171295170483e-01,1.631666689705005280e-01,-6.763527054108214864e-02
-1.157290757761689354e-01,1.631158515288865241e-01,-6.583166332665330023e-02
-1.158029966664479160e-01,1.630633802025171220e-01,-6.402805611222445181e-02
-1.158786459980093719e-01,1.630096297820101958e-01,-6.222444889779560340e-02
-1.159553516986344124e-01,1.629550748287576512e-01,-6.042084168336675498e-02
-1.160323022487615985e-01,1.629002910827725970e-01,-5.861723446893785106e-02
-1.161086131116632614e-01,1.628459086415317558e-01,-5.681362725450900264e-02
-1.161834367383126482e-01,1.627925336975701576e-01,-5.501002004008020974e-02
-1.162560752267454006e-01,1.627406678518719951e-01,-5.320641282565130581e-02
-1.163260534975755212e-01,1.626906551639620280e-01,-5.140280561122245739e-02
-1.163931257925198692e-01,1.626426766511380739e-01,-4.959919839679355347e-02
-1.164572136940928565e-01,1.625967938755509268e-01,-4.779559118236470505e-02
-1.165182999511850809e-01,1.625530245073454894e-01,-4.599198396793591215e-02
-1.165763191518917746e-01,1.625114205617447516e-01,-4.418837675350700822e-02
-1.166310872835709528e-01,1.624721190821737660e-01,-4.238476953907815981e-02
-1.166822970946658072e-01,1.624353457370413256e-01,-4.058116232464931139e-02
-1.167295807370786059e-01,1.624013700094486534e-01,-3.877755511022040746e-02
-1.167726151742973645e-01,1.623704294055893227e-01,-3.697394789579161456e-02
-1.168112292534246449e-01,1.623426521906793374e-01,-3.517034068136271063e-02
-1.168454705285274786e-01,1.623180089114175384e-01,-3.336673346693386222e-02
-1.168756052108933519e-01,1.622963120547950000e-01,-3.156312625250501380e-02
-1.169020501378219001e-01,1.622772648080259561e-01,-2.975951903807610988e-02
-1.169252615808486218e-01,1.622605411190599090e-01,-2.795591182364731697e-02
-1.169456220909995681e-01,1.622458673549163621e-01,-2.615230460921846856e-02
-1.169633671340658543e-01,1.622330753843423956e-01,-2.434869739478956463e-02
-1.169785778270276966e-01,1.622221080172675800e-01,-2.254509018036071621e-02
-1.169912405989328719e-01,1.622129761243612800e-01,-2.074148296593186780e-02
-1.170013488432854881e-01,1.622056853777074648e-01,-1.893787575150301938e-02
-1.170090054712435851e-01,1.622001622645011243e-01,-1.713426853707417097e-02
-1.170144849084455707e-01,1.621962093318187470e-01,-1.533066132264526704e-02
-1.170182286461087379e-01,1.621935083920654774e-01,-1.352705410821647414e-02
-1.170207739820430526e-01,1.621916719706767429e-01,-1.172344689378757021e-02
-1.170226412639356478e-01,1.621903247164029338e-01,-9.919839679358721796e-03
-1.170242209240464071e-01,1.621891849573207089e-01,-8.116232464929873380e-03
-1.170257017670550542e-01,1.621881164756786287e-01,-6.312625250501024965e-03
-1.170270663083662621e-01,1.621871318917048055e-01,-4.509018036072121038e-03
-1.170281534761781761e-01,1.621863474339196309e-01,-2.705410821643272623e-03
-1.170287634358948559e-01,1.621859073059843948e-01,-9.018036072144242077e-04
-1.170287634358948559e-01,1.621859073059843948e-01,9.018036072144242077e-04
-1.170281534761781761e-01,1.621863474339196309e-01,2.705410821643272623e-03
-1.170270663083661927e-01,1.621871318917048610e-01,4.509018036072176550e-03
-1.170257017670549848e-01,1.621881164756786564e-01,6.312625250501024965e-03
-1.170242209240464071e-01,1.621891849573207089e-01,8.116232464929817869e-03
-1.170226412639355784e-01,1.621903247164029893e-01,9.919839679358721796e-03
-1.170207739820430526e-01,1.621916719706767429e-01,1.172344689378757021e-02
-1.170182286461086130e-01,1.621935083920655885e-01,1.352705410821641863e-02
-1.170144849084454181e-01,1.621962093318188580e-01,1.533066132264532255e-02
-1.170090054712435157e-01,1.622001622645011798e-01,1.713426853707411546e-02
-1.170013488432854881e-01,1.622056853777074648e-01,1.893787575150301938e-02
-1.169912405989327886e-01,1.622129761243613633e-01,2.074148296593186780e-02
-1.169785778270275439e-01,1.622221080172676633e-01,2.254509018036071621e-02
-1.169633671340657016e-01,1.622330753843425066e-01,2.434869739478962014e-02
-1.169456220909995126e-01,1.622458673549164176e-01,2.615230460921841305e-02
-1.169252615808484691e-01,1.622605411190600200e-01,2.795591182364726146e-02
-1.169020501378218030e-01,1.622772648080260116e-01,2.975951903807616539e-02
-1.168756052108931992e-01,1.622963120547951110e-01,3.156312625250501380e-02
-1.168454705285273398e-01,1.623180089114176217e-01,3.336673346693391773e-02
-1.168112292534244923e-01,1.623426521906794207e-01,3.517034068136271063e-02
-1.167726151742973645e-01,1.623704294055893227e-01,3.697394789579155905e-02
-1.167295807370786059e-01,1.624013700094486534e-01,3.877755511022046297e-02
-1.166822970946658072e-01,1.624353457370413256e-01,4.058116232464931139e-02
-1.166310872835709528e-01,1.624721190821737660e-01,4.238476953907815981e-02
-1.165763191518917746e-01,1.625114205617447516e-01,4.418837675350700822e-02
-1.165182999511852197e-01,1.625530245073454061e-01,4.599198396793585664e-02
-1.164572136940928565e-01,1.625967938755509268e-01,4.779559118236470505e-02
-1.163931257925199247e-01,1.626426766511380184e-01,4.959919839679360898e-02
-1.163260534975756183e-01,1.626906551639619725e-01,5.140280561122251290e-02
-1.162560752267455533e-01,1.627406678518718841e-01,5.320641282565125030e-02
-1.161834367383127731e-01,1.627925336975700465e-01,5.501002004008009871e-02
-1.161086131116634140e-01,1.628459086415316448e-01,5.681362725450905815e-02
-1.160323022487617373e-01,1.629002910827724859e-01,5.861723446893790657e-02
-1.159553516986346344e-01,1.629550748287574846e-01,6.042084168336675498e-02
-1.158786459980095940e-01,1.630096297820100570e-01,6.222444889779560340e-02
-1.158029966664482074e-01,1.630633802025169277e-01,6.402805611222445181e-02
-1.157290757761692268e-01,1.631158515288863020e-01,6.583166332665341125e-02
-1.156574171295172565e-01,1.631666689705003892e-01,6.763527054108214864e-02
-1.155884830038620692e-01,1.632155096700858843e-01,6.943887775551099706e-02
-1.155227691400466244e-01,1.632620280721009953e-01,7.124248496993995650e-02
-1.154609058224162488e-01,1.633057844250078439e-01,7.304609218436869389e-02
-1.154037142041191982e-01,1.633462051836344076e-01,7.484969939879765333e-02
-1.153521939845742195e-01,1.633825919213707234e-01,7.665330661322650174e-02
-1.153074446641834810e-01,1.634141768789240112e-01,7.845691382765523914e-02
-1.152705478833989522e-01,1.634402055513300978e-01,8.026052104208419857e-02
-1.152424531240634070e-01,1.634600165115250858e-01,8.206412825651304699e-02
-1.152239076722919031e-01,1.634730898366063001e-01,8.386773547094189540e-02
-1.152154547492872383e-01,1.634790475471243620e-01,8.567134268537074382e-02
-1.152174975848856281e-01,1.634776077946973050e-01,8.747494989979959223e-02
-1.152304018809545971e-01,1.634685122045028693e-01,8.927855711422844065e-02
-1.152545942361623138e-01,1.634514561191107440e-01,9.108216432865728907e-02
-1.152906153824422575e-01,1.634260505694785925e-01,9.288577154308624850e-02
-1.153391040900693665e-01,1.633918329283937931e-01,9.468937875751509692e-02
-1.154007139042210750e-01,1.633483248472298310e-01,9.649298597194383431e-02
-1.154759904769258605e-01,1.632951181859792489e-01,9.829659318637279375e-02
-1.155652523895733808e-01,1.632319590035425927e-01,1.001002004008016422e-01
-1.156685172269661943e-01,1.631588003220023342e-01,1.019038076152304906e-01
-1.157854976424945587e-01,1.630758061015793181e-01,1.037074148296593390e-01
-1.159156656545426850e-01,1.629833072920791048e-01,1.055110220440881874e-01
-1.160583574691363973e-01,1.628817290599720857e-01,1.073146292585170358e-01
-1.162128756246639250e-01,1.627715194345939753e-01,1.091182364729458842e-01
-1.163785462132851389e-01,1.626531093501819847e-01,1.109218436873748437e-01
-1.165547061555823466e-01,1.625269223020784914e-01,1.127254509018035811e-01
-1.167406225789411611e-01,1.623934328717796804e-01,1.145290581162324295e-01
-1.169353730207987746e-01,1.622532543170911445e-01,1.163326653306613889e-01
-1.171377312331390447e-01,1.621072235329224509e-01,1.181362725450901263e-01
-1.173461025477930408e-01,1.619564516061118287e-01,1.199398797595190858e-01
-1.175585351956484753e-01,1.618023201398962607e-01,1.217434869739479342e-01
-1.177728061687140226e-01,1.616464231808007745e-01,1.235470941883766716e-01
-1.179865526705081297e-01,1.614904746074189434e-01,1.253507014028056310e-01
-1.181974034694198150e-01,1.613362135823423749e-01,1.271543086172344794e-01
-1.184030651324281397e-01,1.611853410433032874e-01,1.289579158316632168e-01
-1.186013361739285676e-01,1.610395077543358144e-01,1.307615230460921762e-01
-1.187900508814083711e-01,1.609003536714335991e-01,1.325651302605210247e-01
-1.189669829922961192e-01,1.607695772144429602e-01,1.343687374749498731e-01
-1.191297564457637348e-01,1.606489997764474487e-01,1.361723446893787215e-01
-1.192758093072525949e-01,1.605405908613143362e-01,1.379759519038076809e-01
-1.193378976577711692e-01,1.604944428403156376e-01,1.388606463192352813e-01
-1.194039709068243776e-01,1.604452920209323008e-01,1.397795591182365293e-01
-1.195109312364070614e-01,1.603656363283817443e-01,1.415831663326652667e-01
-1.195925743541242925e-01,1.603047602516944892e-01,1.433867735470942262e-01
-1.196465706990082617e-01,1.602644630601781917e-01,1.451903807615230746e-01
-1.196710093125152446e-01,1.602462153379101972e-01,1.469939879759519230e-01
-1.196644206848457154e-01,1.602511354785365327e-01,1.487975951903807714e-01
-1.196257178993946485e-01,1.602800287529748680e-01,1.506012024048096198e-01
-1.195540899617845015e-01,1.603334636730883722e-01,1.524048096192384683e-01
-1.194488989067540169e-01,1.604118466634059659e-01,1.542084168336673167e-01
-1.193378976577711692e-01,1.604944428403156376e-01,1.556456979555926323e-01
-1.193102858085749729e-01,1.605149703307331976e-01,1.560120240480962761e-01
-1.191406099349083675e-01,1.606409507701508366e-01,1.578156312625250135e-01
-1.189371958505220511e-01,1.607916149655029825e-01,1.596192384769538619e-01
-1.187003345530157628e-01,1.609665511123417603e-01,1.614228456913828214e-01
-1.184308322708098604e-01,1.611649402557619182e-01,1.632264529058115587e-01
-1.181300711365902700e-01,1.613855207051243523e-01,1.650300601202405182e-01
-1.177999807237812419e-01,1.616266207698372204e-01,1.668336673346693666e-01
-1.174429275821812779e-01,1.618862525383997220e-01,1.686372745490982150e-01
-1.170615600792396099e-01,1.621622371324920597e-01,1.704408817635270634e-01
-1.166586616264532472e-01,1.624523212131014360e-01,1.722444889779559118e-01
-1.162370606846161447e-01,1.627542494787797001e-01,1.740480961923848713e-01
-1.157996227426592029e-01,1.630657762151758450e-01,1.758517034068136087e-01
-1.153493168626330834e-01,1.633846232034210644e-01,1.776553106212424571e-01
-1.148893200459689262e-01,1.637084119383452052e-01,1.794589178356714165e-01
-1.144231079051041960e-01,1.640346072551060186e-01,1.812625250501001539e-01
-1.142118415461389480e-01,1.641817750258525166e-01,1.820742664317061554e-01
-1.139600801286095727e-01,1.643566248652024719e-01,1.830661322645291134e-01
-1.135032962170574172e-01,1.646724073664526111e-01,1.848697394789578508e-01
-1.130523101302524092e-01,1.649823480685531640e-01,1.866733466933866992e-01
-1.126112550219200703e-01,1.652837113643933487e-01,1.884769539078156586e-01
-1.121841130599111891e-01,1.655739254138799132e-01,1.902805611222445070e-01
-1.117746337043448862e-01,1.658506293634713080e-01,1.920841683366733554e-01
-1.113863343622820690e-01,1.661116627974504878e-01,1.938877755511022039e-01
-1.110225748201420504e-01,1.663550055763455549e-01,1.956913827655310523e-01
-1.106866696230698610e-01,1.665786936188220491e-01,1.974949899799599007e-01
-1.103819890586647534e-01,1.667807437669373838e-01,1.992985971943887491e-01
-1.101120045578672380e-01,1.669591161100472121e-01,2.011022044088177085e-01
-1.098802560409948142e-01,1.671117270940774835e-01,2.029058116232465570e-01
-1.096902487046168551e-01,1.672365071960046079e-01,2.047094188376752943e-01
-1.095453136356804164e-01,1.673314801836773835e-01,2.065130260521042538e-01
-1.094484803823998348e-01,1.673948330803058104e-01,2.083166332665331022e-01
-1.094024051351221716e-01,1.674249496062358011e-01,2.101202404809619506e-01
-1.094093772072179116e-01,1.674203935580391434e-01,2.119238476953907990e-01
-1.094713968648515778e-01,1.673798472590358466e-01,2.137274549098196474e-01
-1.095902902109577720e-01,1.673020271589022168e-01,2.155310621242484959e-01
-1.097678119211343284e-01,1.671856078316745764e-01,2.173346693386773443e-01
-1.100056897693420244e-01,1.670291837325779682e-01,2.191382765531063037e-01
-1.103055850758700579e-01,1.668312857382271697e-01,2.209418837675350411e-01
-1.106689731602210208e-01,1.665904510458576238e-01,2.227454909819638895e-01
-1.110969766042012030e-01,1.663053270024913433e-01,2.245490981963928490e-01
-1.115902009695075442e-01,1.659747783477505401e-01,2.263527054108215864e-01
-1.121486211620051354e-01,1.655979672926605195e-01,2.281563126252505458e-01
-1.127715471221077820e-01,1.651743871176346579e-01,2.299599198396793942e-01
-1.134576668256793985e-01,1.647038488878542761e-01,2.317635270541081316e-01
-1.142051338718792497e-01,1.641864409666831948e-01,2.335671342685370910e-01
-1.142118415461389480e-01,1.641817750258525166e-01,2.335822153050525762e-01
-1.150293802890192396e-01,1.636100292473667284e-01,2.353707414829659395e-01
-1.159112664579395047e-01,1.629864359635996018e-01,2.371743486973948989e-01
-1.168473193125069420e-01,1.623166780385831010e-01,2.389779559118236363e-01
-1.178335378531450151e-01,1.616021576496163015e-01,2.407815631262524847e-01
-1.188650289762787082e-01,1.608449715921154710e-01,2.425851703406814441e-01
-1.193378976577711692e-01,1.604944428403156376e-01,2.433846026462010426e-01
-1.199499858244515854e-01,1.600374984205697737e-01,2.443887775551101815e-01
-1.210788711610121804e-01,1.591851342254515245e-01,2.461923847695391410e-01
-1.222317509647538047e-01,1.583016078758848755e-01,2.479959919839679894e-01
-1.233987729029764058e-01,1.573935921377984659e-01,2.497995991983967268e-01
-1.243449951576990203e-01,1.566471263037781114e-01,2.512596472448990759e-01
-1.245748049105828703e-01,1.564644304034953082e-01,2.516032064128256862e-01
-1.257662911209948831e-01,1.555083278080925391e-01,2.534068136272545346e-01
-1.269367354100638667e-01,1.545544085538663737e-01,2.552104208416833830e-01
-1.280732561704283901e-01,1.536139350902249179e-01,2.570140280561122315e-01
-1.291625213505648018e-01,1.526991914790805094e-01,2.588176352705410799e-01
-1.292281428622419071e-01,1.526436605050337514e-01,2.589333049653730900e-01
-1.302167265403069984e-01,1.518011993665626669e-01,2.606212424849699283e-01
-1.311951669086806882e-01,1.509563784005280573e-01,2.624248496993987767e-01
-1.320810615625292450e-01,1.501818670030285741e-01,2.642284569138277361e-01
-1.328593391723819905e-01,1.494937991847085645e-01,2.660320641282565846e-01
-1.335153011265269862e-01,1.489082414277088373e-01,2.678356713426853219e-01
-1.339824731435709793e-01,1.484880361858566811e-01,2.694569034835994636e-01
-1.340366726198324587e-01,1.484391134202972251e-01,2.696392785571142814e-01
-1.344187439625251224e-01,1.480932181821204008e-01,2.714428857715431298e-01
-1.346371465422807889e-01,1.478946881093178845e-01,2.732464929859719782e-01
-1.346831104194604611e-01,1.478528314498556429e-01,2.750501002004008266e-01
-1.345499808547122866e-01,1.479739931609489190e-01,2.768537074148296750e-01
-1.342331413718943212e-01,1.482614709134947029e-01,2.786573146292585235e-01
-1.339824731435709793e-01,1.484880361858566811e-01,2.795547617792596973e-01
-1.337370205124171207e-01,1.487091434460615924e-01,2.804609218436873719e-01
-1.330661356891022495e-01,1.493097569911940870e-01,2.822645290581163313e-01
-1.322147623109947989e-01,1.500641750287095011e-01,2.840681362725450687e-01
-1.311863903937510456e-01,1.509640055624463795e-01,2.858717434869739171e-01
-1.299868869668667493e-01,1.519980566213364748e-01,2.876753507014028766e-01
-1.292281428622419071e-01,1.526436605050337514e-01,2.886769450981617191e-01
-1.286405425373984002e-01,1.531391877204649754e-01,2.894789579158316140e-01
-1.271664259139443920e-01,1.543654758042526387e-01,2.912825651302605734e-01
-1.255570968593817949e-01,1.556772797432040834e-01,2.930861723446894218e-01
-1.243449951576990203e-01,1.566471263037781114e-01,2.943459551004544150e-01
-1.238394577675917541e-01,1.570470907079429546e-01,2.948897795591181592e-01
-1.220485939536827547e-01,1.584428626159256059e-01,2.966933867735471186e-01
-1.201696660014169304e-01,1.598726098276621599e-01,2.984969939879759671e-01
-1.193378976577711692e-01,1.604944428403156376e-01,2.992604258787366356e-01
-1.182438077918794433e-01,1.613022068010139531e-01,3.003006012024048155e-01
-1.162808293791390418e-01,1.627229815327249918e-01,3.021042084168336639e-01
-1.142756762024390860e-01,1.641373504979146969e-01,3.039078156312625123e-01
-1.142118415461389480e-01,1.641817750258525166e-01,3.039637038173051420e-01
-1.122852040910614496e-01,1.655053864447579848e-01,3.057114228456914717e-01
-1.102820504166854843e-01,1.668468440093837657e-01,3.075150300601202091e-01
-1.089719365870140955e-01,1.677054472474754920e-01,3.086880298722770033e-01
-1.082917200137658853e-01,1.681454827714980171e-01,3.093186372745490575e-01
-1.063388209958612135e-01,1.693872933522765356e-01,3.111222444889780170e-01
-1.044077371210716532e-01,1.705843616198659540e-01,3.129258517034067544e-01
-1.036234060316154199e-01,1.710619470320824398e-01,3.136641173974315522e-01
-1.025294032884312839e-01,1.717198924449879205e-01,3.147294589178357138e-01
-1.007054026470590724e-01,1.727958965881241926e-01,3.165330661322645622e-01
-9.892784046719256541e-02,1.738196835243284444e-01,3.183366733466934106e-01
-9.817158141151870188e-02,1.742479285476919437e-01,3.191207248723852419e-01
-9.721957633075001270e-02,1.747808741769804886e-01,3.201402805611222591e-01
-9.558072322288924116e-02,1.756824560056849949e-01,3.219438877755511075e-01
-9.400188714544235880e-02,1.765322781054374790e-01,3.237474949899799559e-01
-9.262189722406954928e-02,1.772602159386417464e-01,3.253878705569556717e-01
-9.248868787257220891e-02,1.773297567122052998e-01,3.255511022044088043e-01
-9.106345745363668420e-02,1.780658493832820988e-01,3.273547094188377637e-01
-8.970619746451853616e-02,1.787534562923380754e-01,3.291583166332665011e-01
-8.841899400741726200e-02,1.793936495495766226e-01,3.309619238476953496e-01
-8.720339420115920392e-02,1.799876885784059410e-01,3.327655310621243090e-01
-8.697988551515860312e-02,1.800958064913503465e-01,3.331149402596370046e-01
-8.607428816572021413e-02,1.805303767147361793e-01,3.345691382765530464e-01
-8.502045629100049573e-02,1.810290639982157224e-01,3.363727454909818948e-01
-8.403844879186013472e-02,1.814870219179815225e-01,3.381763527054108542e-01
-8.312793484515856868e-02,1.819058724955823769e-01,3.399799599198395916e-01
-8.228851820461940969e-02,1.822871355079343780e-01,3.417835671342685511e-01
-8.151989821134157654e-02,1.826321609016673397e-01,3.435871743486973995e-01
-8.125117036475781873e-02,1.827518736274873490e-01,3.442783312365235715e-01
-8.082793877441663000e-02,1.829394553219156061e-01,3.453907815631263589e-01
-8.020946933650412169e-02,1.832114653310660257e-01,3.471943887775550963e-01
-7.966086106621478313e-02,1.834506669766813036e-01,3.489979959919839447e-01
-7.918219193447406656e-02,1.836577808873125495e-01,3.508016032064129042e-01
-7.877340728478063325e-02,1.838334852651879459e-01,3.526052104208416416e-01
-7.843429301623218441e-02,1.839784272110288332e-01,3.544088176352706010e-01
-7.816453598808097147e-02,1.840931973587508763e-01,3.562124248496994494e-01
-7.796385915076649298e-02,1.841782741430689208e-01,3.580160320641281868e-01
-7.783219088424486731e-02,1.842339546939121553e-01,3.598196392785571462e-01
-7.776981426065640579e-02,1.842602941218292045e-01,3.616232464929859947e-01
-7.777744769698007044e-02,1.842570721295210823e-01,3.634268537074148431e-01
-7.785623218073477181e-02,1.842237962658991590e-01,3.652304609218436915e-01
-7.800763391337091346e-02,1.841597378669873886e-01,3.670340681362725399e-01
-7.823330297223657359e-02,1.840639842719217212e-01,3.688376753507013883e-01
-7.853494690576445780e-02,1.839354835655936382e-01,3.706412825651302367e-01
-7.891427594405048263e-02,1.837730585592628751e-01,3.724448897795591962e-01
-7.937305367172288462e-02,1.835753751210270623e-01,3.742484969939878225e-01
-7.991325079282229904e-02,1.833408638239808486e-01,3.760521042084167820e-01
-8.053726232167057741e-02,1.830676087617097436e-01,3.778557114228457414e-01
-8.124812357904284688e-02,1.827532281927861935e-01,3.796593186372745898e-01
-8.125117036475781873e-02,1.827518736274873490e-01,3.796662356457624621e-01
-8.206093554180414473e-02,1.823897005261093940e-01,3.814629258517034383e-01
-8.297042731825733652e-02,1.819777683966527226e-01,3.832665330661322867e-01
-8.398200423242757617e-02,1.815131481879605213e-01,3.850701402805611351e-01
-8.510169921967562778e-02,1.809908859305458806e-01,3.868737474949899835e-01
-8.633596960987198476e-02,1.804053778342632197e-01,3.886773547094188319e-01
-8.697988551515860312e-02,1.800958064913503465e-01,3.895402839559422570e-01
-8.770255449186151187e-02,1.797449914061642895e-01,3.904809619238477914e-01
-8.920957302591372984e-02,1.790018214447388623e-01,3.922845691382765287e-01
-9.085518018778689087e-02,1.781722094857803029e-01,3.940881763527053772e-01
-9.262189722406954928e-02,1.772602159386417464e-01,3.958654116239695431e-01
-9.264900722697072544e-02,1.772460477975650872e-01,3.958917835671343366e-01
-9.463331796422644326e-02,1.761945945001764935e-01,3.976953907815630740e-01
-9.679155260093552648e-02,1.750182714607259049e-01,3.994989979959920334e-01
-9.817158141151870188e-02,1.742479285476919437e-01,4.005682670969640813e-01
-9.915617601007463422e-02,1.736895297911164038e-01,4.013026052104208818e-01
-1.017553611872395458e-01,1.721796923845969329e-01,4.031062124248496192e-01
-1.036234060316154199e-01,1.710619470320824398e-01,4.043064969650497775e-01
-1.046024058203365859e-01,1.704650600463262777e-01,4.049098196392785787e-01
-1.077405787726608138e-01,1.684991622701195180e-01,4.067134268537074271e-01
-1.089719365870140955e-01,1.677054472474754920e-01,4.073739106891651196e-01
-1.112019876545516373e-01,1.662351284827516540e-01,4.085170340681362755e-01
-1.142118415461389480e-01,1.641817750258525166e-01,4.099550427698913091e-01
-1.150145009100656951e-01,1.636204894883538374e-01,4.103206412825651239e-01
-1.192352154971943190e-01,1.605707426193752063e-01,4.121242484969940834e-01
-1.193378976577711692e-01,1.604944428403156376e-01,4.121656929745414755e-01
-1.239317340492209624e-01,1.569742822743686594e-01,4.139278557114229318e-01
-1.243449951576990203e-01,1.566471263037781114e-01,4.140775825544717459e-01
-1.291572086070305880e-01,1.527036851711182086e-01,4.157314629258515581e-01
-1.292281428622419071e-01,1.526436605050337514e-01,4.157545951476964707e-01
-1.339824731435709793e-01,1.484880361858566811e-01,4.172299936433820355e-01
-1.350212418449566742e-01,1.475441095084643883e-01,4.175350701402806286e-01
-1.386032467818663627e-01,1.441843957629432849e-01,4.185402114655094041e-01
-1.416129262262408317e-01,1.412295263945938240e-01,4.193386773547094770e-01
-1.430858576894742384e-01,1.397370291986613222e-01,4.197134824811261100e-01
-1.474258375023557999e-01,1.351503697247217750e-01,4.207630647818196290e-01
-1.490770658341122046e-01,1.333267731638765052e-01,4.211422845691382144e-01
-1.516188600342490700e-01,1.304289894230373503e-01,4.217058178027571214e-01
-1.556607455891059755e-01,1.255775946681717270e-01,4.225579918499082210e-01
-1.575924494079146421e-01,1.231447111719129739e-01,4.229458917835671738e-01
-1.595474651275038680e-01,1.206010214359229116e-01,4.233274624206148640e-01
-1.632751442828798139e-01,1.155042304827177263e-01,4.240226217576308909e-01
-1.668400672235834936e-01,1.102923024006215169e-01,4.246583705357612204e-01
-1.673747884536954389e-01,1.094791312994431443e-01,4.247494989979960223e-01
-1.702386803568989027e-01,1.049704325528936916e-01,4.252286449778407973e-01
-1.734675958713429444e-01,9.954392589513660905e-02,4.257478719968122438e-01
-1.765235951137094084e-01,9.401819168720060294e-02,4.262217966757568255e-01
-1.787407229794527042e-01,8.973156606670001922e-02,4.265531062124248707e-01
-1.794036317974927186e-01,8.839873810111582852e-02,4.266515433128721946e-01
-1.821048350394924575e-01,8.269116673042684051e-02,4.270359261708691068e-01
-1.846245122215721401e-01,7.690116700640220460e-02,4.273843385057318200e-01
-1.869601516747196601e-01,7.103451052668573185e-02,4.276989154189922426e-01
-1.891094251827334372e-01,6.509704530204232786e-02,4.279815263241117385e-01
-1.910701903030389559e-01,5.909468992693400757e-02,4.282338040565005222e-01
-1.920639834047396521e-01,5.578016026065082955e-02,4.283567134268537191e-01
-1.928404925023223526e-01,5.303342767973574789e-02,4.284552184577938294e-01
-1.944185671048513919e-01,4.691930055847377129e-02,4.286471002962122800e-01
-1.958028410515428863e-01,4.075840325803047060e-02,4.288128709416859086e-01
-1.969919344680221007e-01,3.455687709481988085e-02,4.289534079974777758e-01
-1.979846620401114476e-01,2.832090388499031858e-02,4.290694439049271280e-01
-1.987800341953775696e-01,2.205669978225501676e-02,4.291615754566402985e-01
-1.993772580895586399e-01,1.577050908149532291e-02,4.292302714021268284e-01
-1.997757383968887246e-01,9.468597994311642174e-03,4.292758783291232283e-01
-1.999750779035314729e-01,3.157248402727364130e-03,4.292986249594830661e-01
-1.999750779035314729e-01,-3.157248402727404462e-03,4.292986249594830661e-01
-1.997757383968887246e-01,-9.468597994311593602e-03,4.292758783291232283e-01
-1.993772580895586399e-01,-1.577050908149527086e-02,4.292302714021268284e-01
-1.987800341953775973e-01,-2.205669978225496819e-02,4.291615754566402985e-01
-1.979846620401114476e-01,-2.832090388499035674e-02,4.290694439049271280e-01
-1.969919344680221007e-01,-3.455687709481983921e-02,4.289534079974777758e-01
-1.958028410515429141e-01,-4.075840325803042896e-02,4.288128709416859086e-01
-1.944185671048513919e-01,-4.691930055847373660e-02,4.286471002962122800e-01
-1.928404925023223526e-01,-5.303342767973578953e-02,4.284552184577938294e-01
-1.920639834047396244e-01,-5.578016026065096139e-02,4.283567134268537191e-01
-1.910701903030389837e-01,-5.909468992693396594e-02,4.282338040565006332e-01
-1.891094251827334372e-01,-6.509704530204236950e-02,4.279815263241117385e-01
-1.869601516747196879e-01,-7.103451052668567633e-02,4.276989154189922426e-01
-1.846245122215721679e-01,-7.690116700640216296e-02,4.273843385057318200e-01
-1.821048350394924575e-01,-8.269116673042679888e-02,4.270359261708692178e-01
-1.794036317974927464e-01,-8.839873810111578689e-02,4.266515433128720836e-01
-1.787407229794527597e-01,-8.973156606669990820e-02,4.265531062124248707e-01
-1.765235951137093806e-01,-9.401819168720063069e-02,4.262217966757568255e-01
-1.734675958713429444e-01,-9.954392589513663681e-02,4.257478719968122438e-01
-1.702386803568989304e-01,-1.049704325528936777e-01,4.252286449778407973e-01
-1.673747884536954944e-01,-1.094791312994430332e-01,4.247494989979960223e-01
-1.668400672235835214e-01,-1.102923024006214753e-01,4.246583705357611094e-01
-1.632751442828798416e-01,-1.155042304827176985e-01,4.240226217576308909e-01
-1.595474651275039235e-01,-1.206010214359228699e-01,4.233274624206148640e-01
-1.575924494079147253e-01,-1.231447111719128629e-01,4.229458917835671738e-01
-1.556607455891060032e-01,-1.255775946681716992e-01,4.225579918499081100e-01
-1.516188600342490977e-01,-1.304289894230373503e-01,4.217058178027571214e-01
-1.490770658341122878e-01,-1.333267731638763942e-01,4.211422845691382144e-01
-1.474258375023557999e-01,-1.351503697247217473e-01,4.207630647818196290e-01
-1.430858576894742940e-01,-1.397370291986612667e-01,4.197134824811261100e-01
-1.416129262262408040e-01,-1.412295263945938517e-01,4.193386773547095880e-01
-1.386032467818663905e-01,-1.441843957629432571e-01,4.185402114655094041e-01
-1.350212418449567853e-01,-1.475441095084642495e-01,4.175350701402806286e-01
-1.339824731435710348e-01,-1.484880361858566256e-01,4.172299936433820355e-01
-1.292281428622419071e-01,-1.526436605050337514e-01,4.157545951476964707e-01
-1.291572086070306991e-01,-1.527036851711181253e-01,4.157314629258515581e-01
-1.243449951576990620e-01,-1.566471263037780837e-01,4.140775825544716349e-01
-1.239317340492210734e-01,-1.569742822743685762e-01,4.139278557114229318e-01
-1.193378976577713080e-01,-1.604944428403155265e-01,4.121656929745414755e-01
-1.192352154971944994e-01,-1.605707426193750675e-01,4.121242484969939723e-01
-1.150145009100658200e-01,-1.636204894883537264e-01,4.103206412825651239e-01
-1.142118415461390035e-01,-1.641817750258524888e-01,4.099550427698913091e-01
-1.112019876545516373e-01,-1.662351284827516817e-01,4.085170340681362755e-01
-1.089719365870140816e-01,-1.677054472474754920e-01,4.073739106891650086e-01
-1.077405787726608555e-01,-1.684991622701195180e-01,4.067134268537074271e-01
-1.046024058203367108e-01,-1.704650600463261945e-01,4.049098196392785787e-01
-1.036234060316155586e-01,-1.710619470320823288e-01,4.043064969650497775e-01
-1.017553611872395458e-01,-1.721796923845969607e-01,4.031062124248496192e-01
-9.915617601007468973e-02,-1.736895297911163483e-01,4.013026052104208818e-01
-9.817158141151877127e-02,-1.742479285476919160e-01,4.005682670969640813e-01
-9.679155260093551261e-02,-1.750182714607259049e-01,3.994989979959920334e-01
-9.463331796422655429e-02,-1.761945945001764102e-01,3.976953907815630740e-01
-9.264900722697093360e-02,-1.772460477975650039e-01,3.958917835671343366e-01
-9.262189722406966030e-02,-1.772602159386416909e-01,3.958654116239694321e-01
-9.085518018778693250e-02,-1.781722094857802752e-01,3.940881763527053772e-01
-8.920957302591392413e-02,-1.790018214447387512e-01,3.922845691382765287e-01
-8.770255449186153962e-02,-1.797449914061642617e-01,3.904809619238477914e-01
-8.697988551515863087e-02,-1.800958064913503187e-01,3.895402839559422570e-01
-8.633596960987202640e-02,-1.804053778342631920e-01,3.886773547094188319e-01
-8.510169921967582207e-02,-1.809908859305457696e-01,3.868737474949899835e-01
-8.398200423242753454e-02,-1.815131481879605491e-01,3.850701402805611351e-01
-8.297042731825754469e-02,-1.819777683966526394e-01,3.832665330661322867e-01
-8.206093554180429739e-02,-1.823897005261093385e-01,3.814629258517034383e-01
-8.125117036475777710e-02,-1.827518736274873490e-01,3.796662356457622400e-01
-8.124812357904284688e-02,-1.827532281927861935e-01,3.796593186372745898e-01
-8.053726232167074395e-02,-1.830676087617096881e-01,3.778557114228457414e-01
-7.991325079282242394e-02,-1.833408638239807931e-01,3.760521042084167820e-01
-7.937305367172296788e-02,-1.835753751210270346e-01,3.742484969939879336e-01
-7.891427594405055201e-02,-1.837730585592628474e-01,3.724448897795591962e-01
-7.853494690576458270e-02,-1.839354835655935549e-01,3.706412825651302367e-01
-7.823330297223678176e-02,-1.840639842719216102e-01,3.688376753507013883e-01
-7.800763391337087183e-02,-1.841597378669873886e-01,3.670340681362725399e-01
-7.785623218073493834e-02,-1.842237962658991035e-01,3.652304609218436915e-01
-7.777744769698002880e-02,-1.842570721295211100e-01,3.634268537074148431e-01
-7.776981426065648906e-02,-1.842602941218291768e-01,3.616232464929859947e-01
-7.783219088424486731e-02,-1.842339546939121553e-01,3.598196392785571462e-01
-7.796385915076653461e-02,-1.841782741430688930e-01,3.580160320641281868e-01
-7.816453598808113801e-02,-1.840931973587508208e-01,3.562124248496994494e-01
-7.843429301623230931e-02,-1.839784272110287777e-01,3.544088176352706010e-01
-7.877340728478067489e-02,-1.838334852651879459e-01,3.526052104208416416e-01
-7.918219193447423310e-02,-1.836577808873124940e-01,3.508016032064129042e-01
-7.966086106621461660e-02,-1.834506669766813869e-01,3.489979959919839447e-01
-8.020946933650416333e-02,-1.832114653310660257e-01,3.471943887775550963e-01
-8.082793877441658836e-02,-1.829394553219156339e-01,3.453907815631263589e-01
-8.125117036475777710e-02,-1.827518736274873490e-01,3.442783312365235715e-01
-8.151989821134174308e-02,-1.826321609016672842e-01,3.435871743486973995e-01
-8.228851820461952071e-02,-1.822871355079342948e-01,3.417835671342685511e-01
-8.312793484515866582e-02,-1.819058724955823492e-01,3.399799599198395916e-01
-8.403844879186025962e-02,-1.814870219179814670e-01,3.381763527054108542e-01
-8.502045629100062063e-02,-1.810290639982156391e-01,3.363727454909820058e-01
-8.607428816572024188e-02,-1.805303767147361516e-01,3.345691382765530464e-01
-8.697988551515863087e-02,-1.800958064913503187e-01,3.331149402596368936e-01
-8.720339420115932882e-02,-1.799876885784058578e-01,3.327655310621243090e-01
-8.841899400741728976e-02,-1.793936495495765948e-01,3.309619238476953496e-01
-8.970619746451857779e-02,-1.787534562923380477e-01,3.291583166332665011e-01
-9.106345745363672584e-02,-1.780658493832820710e-01,3.273547094188377637e-01
-9.248868787257225055e-02,-1.773297567122052720e-01,3.255511022044086933e-01
-9.262189722406966030e-02,-1.772602159386416909e-01,3.253878705569557828e-01
-9.400188714544231716e-02,-1.765322781054375068e-01,3.237474949899799559e-01
-9.558072322288913014e-02,-1.756824560056850781e-01,3.219438877755511075e-01
-9.721957633074998495e-02,-1.747808741769804886e-01,3.201402805611222591e-01
-9.817158141151877127e-02,-1.742479285476919160e-01,3.191207248723851309e-01
-9.892784046719263480e-02,-1.738196835243284166e-01,3.183366733466934106e-01
-1.007054026470590585e-01,-1.727958965881242204e-01,3.165330661322645622e-01
-1.025294032884311868e-01,-1.717198924449879760e-01,3.147294589178357138e-01
-1.036234060316155586e-01,-1.710619470320823288e-01,3.136641173974315522e-01
-1.044077371210715699e-01,-1.705843616198660095e-01,3.129258517034067544e-01
-1.063388209958611857e-01,-1.693872933522765634e-01,3.111222444889780170e-01
-1.082917200137661490e-01,-1.681454827714978506e-01,3.093186372745491686e-01
-1.089719365870140816e-01,-1.677054472474754920e-01,3.086880298722770033e-01
-1.102820504166855536e-01,-1.668468440093837379e-01,3.075150300601202091e-01
-1.122852040910614219e-01,-1.655053864447580125e-01,3.057114228456914717e-01
-1.142118415461390035e-01,-1.641817750258524888e-01,3.039637038173049199e-01
-1.142756762024391554e-01,-1.641373504979146691e-01,3.039078156312625123e-01
-1.162808293791391112e-01,-1.627229815327249363e-01,3.021042084168336639e-01
-1.182438077918795127e-01,-1.613022068010139254e-01,3.003006012024048155e-01
-1.193378976577713080e-01,-1.604944428403155265e-01,2.992604258787366356e-01
-1.201696660014168333e-01,-1.598726098276622709e-01,2.984969939879759671e-01
-1.220485939536826714e-01,-1.584428626159256615e-01,2.966933867735471186e-01
-1.238394577675917402e-01,-1.570470907079429823e-01,2.948897795591181592e-01
-1.243449951576990620e-01,-1.566471263037780837e-01,2.943459551004541930e-01
-1.255570968593817949e-01,-1.556772797432041111e-01,2.930861723446894218e-01
-1.271664259139443642e-01,-1.543654758042526387e-01,2.912825651302605734e-01
-1.286405425373984279e-01,-1.531391877204649199e-01,2.894789579158315029e-01
-1.292281428622420181e-01,-1.526436605050336404e-01,2.886769450981616081e-01
-1.299868869668666660e-01,-1.519980566213365580e-01,2.876753507014028766e-01
-1.311863903937510456e-01,-1.509640055624464072e-01,2.858717434869739171e-01
-1.322147623109947712e-01,-1.500641750287095011e-01,2.840681362725450687e-01
-1.330661356891023051e-01,-1.493097569911940592e-01,2.822645290581163313e-01
-1.337370205124170375e-01,-1.487091434460616757e-01,2.804609218436873719e-01
-1.339824731435710348e-01,-1.484880361858566256e-01,2.795547617792595863e-01
-1.342331413718943212e-01,-1.482614709134947029e-01,2.786573146292585235e-01
-1.345499808547122866e-01,-1.479739931609489467e-01,2.768537074148296750e-01
-1.346831104194604334e-01,-1.478528314498556429e-01,2.750501002004008266e-01
-1.346371465422807057e-01,-1.478946881093179400e-01,2.732464929859719782e-01
-1.344187439625250946e-01,-1.480932181821204285e-01,2.714428857715431298e-01
-1.340366726198325142e-01,-1.484391134202971696e-01,2.696392785571142814e-01
-1.339824731435710348e-01,-1.484880361858566256e-01,2.694569034835996857e-01
-1.335153011265269585e-01,-1.489082414277088373e-01,2.678356713426853219e-01
-1.328593391723818795e-01,-1.494937991847086478e-01,2.660320641282564735e-01
-1.320810615625291617e-01,-1.501818670030286573e-01,2.642284569138277361e-01
-1.311951669086806882e-01,-1.509563784005280851e-01,2.624248496993987767e-01
-1.302167265403069984e-01,-1.518011993665626669e-01,2.606212424849699283e-01
-1.292281428622420181e-01,-1.526436605050336404e-01,2.589333049653732011e-01
-1.291625213505649128e-01,-1.526991914790803984e-01,2.588176352705410799e-01
-1.280732561704285288e-01,-1.536139350902248069e-01,2.570140280561121204e-01
-1.269367354100638390e-01,-1.545544085538664014e-01,2.552104208416833830e-01
-1.257662911209948831e-01,-1.555083278080925391e-01,2.534068136272545346e-01
-1.245748049105828426e-01,-1.564644304034953359e-01,2.516032064128256862e-01
-1.243449951576990620e-01,-1.566471263037780837e-01,2.512596472448991869e-01
-1.233987729029763225e-01,-1.573935921377985492e-01,2.497995991983967268e-01
-1.222317509647539158e-01,-1.583016078758847645e-01,2.479959919839679894e-01
-1.210788711610122220e-01,-1.591851342254514967e-01,2.461923847695391410e-01
-1.199499858244516548e-01,-1.600374984205697182e-01,2.443887775551101815e-01
-1.193378976577713080e-01,-1.604944428403155265e-01,2.433846026462009315e-01
-1.188650289762787637e-01,-1.608449715921154155e-01,2.425851703406813331e-01
-1.178335378531449873e-01,-1.616021576496163292e-01,2.407815631262524847e-01
-1.168473193125069420e-01,-1.623166780385831010e-01,2.389779559118236363e-01
-1.159112664579396434e-01,-1.629864359635995186e-01,2.371743486973948989e-01
-1.150293802890192812e-01,-1.636100292473667006e-01,2.353707414829659395e-01
-1.142118415461390035e-01,-1.641817750258524888e-01,2.335822153050525762e-01
-1.142051338718793191e-01,-1.641864409666831393e-01,2.335671342685370910e-01
-1.134576668256795373e-01,-1.647038488878541651e-01,2.317635270541081316e-01
-1.127715471221077542e-01,-1.651743871176346579e-01,2.299599198396793942e-01
-1.121486211620051077e-01,-1.655979672926605195e-01,2.281563126252505458e-01
-1.115902009695076136e-01,-1.659747783477505123e-01,2.263527054108215864e-01
-1.110969766042012447e-01,-1.663053270024913155e-01,2.245490981963928490e-01
-1.106689731602210069e-01,-1.665904510458576238e-01,2.227454909819638895e-01
-1.103055850758702522e-01,-1.668312857382270309e-01,2.209418837675350411e-01
-1.100056897693420660e-01,-1.670291837325779127e-01,2.191382765531063037e-01
-1.097678119211344533e-01,-1.671856078316744654e-01,2.173346693386773443e-01
-1.095902902109580357e-01,-1.673020271589020502e-01,2.155310621242484959e-01
-1.094713968648517027e-01,-1.673798472590357633e-01,2.137274549098196474e-01
-1.094093772072182030e-01,-1.674203935580389491e-01,2.119238476953907990e-01
-1.094024051351222271e-01,-1.674249496062357734e-01,2.101202404809619506e-01
-1.094484803824000291e-01,-1.673948330803056717e-01,2.083166332665331022e-01
-1.095453136356805274e-01,-1.673314801836773003e-01,2.065130260521042538e-01
-1.096902487046171465e-01,-1.672365071960044414e-01,2.047094188376752943e-01
-1.098802560409950085e-01,-1.671117270940773447e-01,2.029058116232465570e-01
-1.101120045578673629e-01,-1.669591161100471288e-01,2.011022044088177085e-01
-1.103819890586648783e-01,-1.667807437669373005e-01,1.992985971943887491e-01
-1.106866696230700831e-01,-1.665786936188219380e-01,1.974949899799599007e-01
-1.110225748201421059e-01,-1.663550055763455271e-01,1.956913827655310523e-01
-1.113863343622822077e-01,-1.661116627974504045e-01,1.938877755511022039e-01
-1.117746337043448723e-01,-1.658506293634713080e-01,1.920841683366733554e-01
-1.121841130599113834e-01,-1.655739254138797745e-01,1.902805611222445070e-01
-1.126112550219202091e-01,-1.652837113643932376e-01,1.884769539078156586e-01
-1.130523101302525202e-01,-1.649823480685530808e-01,1.866733466933866992e-01
-1.135032962170574172e-01,-1.646724073664526389e-01,1.848697394789579618e-01
-1.139600801286096421e-01,-1.643566248652024164e-01,1.830661322645291134e-01
-1.142118415461390035e-01,-1.641817750258524888e-01,1.820742664317061554e-01
-1.144231079051044042e-01,-1.640346072551058798e-01,1.812625250501001539e-01
-1.148893200459689679e-01,-1.637084119383451775e-01,1.794589178356714165e-01
-1.153493168626331250e-01,-1.633846232034210366e-01,1.776553106212424571e-01
-1.157996227426591890e-01,-1.630657762151758727e-01,1.758517034068136087e-01
-1.162370606846162835e-01,-1.627542494787796168e-01,1.740480961923848713e-01
-1.166586616264532889e-01,-1.624523212131014083e-01,1.722444889779559118e-01
-1.170615600792398042e-01,-1.621622371324918932e-01,1.704408817635270634e-01
-1.174429275821813196e-01,-1.618862525383996942e-01,1.686372745490982150e-01
-1.177999807237813529e-01,-1.616266207698371093e-01,1.668336673346693666e-01
-1.181300711365904088e-01,-1.613855207051242691e-01,1.650300601202405182e-01
-1.184308322708099159e-01,-1.611649402557618904e-01,1.632264529058117808e-01
-1.187003345530159015e-01,-1.609665511123416770e-01,1.614228456913828214e-01
-1.189371958505220372e-01,-1.607916149655030102e-01,1.596192384769538619e-01
-1.191406099349084091e-01,-1.606409507701507811e-01,1.578156312625250135e-01
-1.193102858085748896e-01,-1.605149703307332532e-01,1.560120240480962761e-01
-1.193378976577713080e-01,-1.604944428403155265e-01,1.556456979555927433e-01
-1.194488989067539197e-01,-1.604118466634060214e-01,1.542084168336673167e-01
-1.195540899617844738e-01,-1.603334636730883722e-01,1.524048096192384683e-01
-1.196257178993945652e-01,-1.602800287529749512e-01,1.506012024048096198e-01
-1.196644206848455627e-01,-1.602511354785366715e-01,1.487975951903807714e-01
-1.196710093125152446e-01,-1.602462153379102250e-01,1.469939879759519230e-01
-1.196465706990083727e-01,-1.602644630601781084e-01,1.451903807615230746e-01
-1.195925743541242786e-01,-1.603047602516945169e-01,1.433867735470942262e-01
-1.195109312364071030e-01,-1.603656363283816888e-01,1.415831663326652667e-01
-1.194039709068244193e-01,-1.604452920209322730e-01,1.397795591182365293e-01
-1.193378976577713080e-01,-1.604944428403155265e-01,1.388606463192358365e-01
-1.192758093072526365e-01,-1.605405908613142807e-01,1.379759519038076809e-01
-1.191297564457638042e-01,-1.606489997764474209e-01,1.361723446893787215e-01
-1.189669829922961608e-01,-1.607695772144429047e-01,1.343687374749500951e-01
-1.187900508814085099e-01,-1.609003536714335159e-01,1.325651302605210247e-01
-1.186013361739284150e-01,-1.610395077543359532e-01,1.307615230460922873e-01
-1.184030651324281813e-01,-1.611853410433032319e-01,1.289579158316632168e-01
-1.181974034694197179e-01,-1.613362135823424026e-01,1.271543086172344794e-01
-1.179865526705080464e-01,-1.614904746074189990e-01,1.253507014028056310e-01
-1.177728061687141337e-01,-1.616464231808006913e-01,1.235470941883766716e-01
-1.175585351956486141e-01,-1.618023201398961497e-01,1.217434869739479342e-01
-1.173461025477930131e-01,-1.619564516061118564e-01,1.199398797595190858e-01
-1.171377312331390308e-01,-1.621072235329224787e-01,1.181362725450901263e-01
-1.169353730207989134e-01,-1.622532543170910335e-01,1.163326653306613889e-01
-1.167406225789412721e-01,-1.623934328717795972e-01,1.145290581162324295e-01
-1.165547061555824160e-01,-1.625269223020784359e-01,1.127254509018035811e-01
-1.163785462132851251e-01,-1.626531093501820124e-01,1.109218436873748437e-01
-1.162128756246638972e-01,-1.627715194345939753e-01,1.091182364729458842e-01
-1.160583574691363834e-01,-1.628817290599721135e-01,1.073146292585170358e-01
-1.159156656545425879e-01,-1.629833072920791603e-01,1.055110220440881874e-01
-1.157854976424947530e-01,-1.630758061015791793e-01,1.037074148296593390e-01
-1.156685172269663192e-01,-1.631588003220022509e-01,1.019038076152304906e-01
-1.155652523895734363e-01,-1.632319590035425372e-01,1.001002004008016422e-01
-1.154759904769259160e-01,-1.632951181859791934e-01,9.829659318637279375e-02
-1.154007139042211166e-01,-1.633483248472298033e-01,9.649298597194383431e-02
-1.153391040900693387e-01,-1.633918329283937931e-01,9.468937875751509692e-02
-1.152906153824423963e-01,-1.634260505694785093e-01,9.288577154308624850e-02
-1.152545942361624526e-01,-1.634514561191106607e-01,9.108216432865728907e-02
-1.152304018809548608e-01,-1.634685122045026751e-01,8.927855711422844065e-02
-1.152174975848857530e-01,-1.634776077946972217e-01,8.747494989979959223e-02
-1.152154547492873632e-01,-1.634790475471242788e-01,8.567134268537074382e-02
-1.152239076722920280e-01,-1.634730898366062168e-01,8.386773547094189540e-02
-1.152424531240635458e-01,-1.634600165115249748e-01,8.206412825651304699e-02
-1.152705478833992436e-01,-1.634402055513299035e-01,8.026052104208419857e-02
-1.153074446641834672e-01,-1.634141768789240390e-01,7.845691382765523914e-02
-1.153521939845742889e-01,-1.633825919213707234e-01,7.665330661322650174e-02
-1.154037142041191011e-01,-1.633462051836344353e-01,7.484969939879765333e-02
-1.154609058224164431e-01,-1.633057844250077051e-01,7.304609218436869389e-02
-1.155227691400468326e-01,-1.632620280721008565e-01,7.124248496993995650e-02
-1.155884830038622080e-01,-1.632155096700857733e-01,6.943887775551099706e-02
-1.156574171295173814e-01,-1.631666689705003059e-01,6.763527054108214864e-02
-1.157290757761692684e-01,-1.631158515288863020e-01,6.583166332665341125e-02
-1.158029966664484017e-01,-1.630633802025167889e-01,6.402805611222445181e-02
-1.158786459980096634e-01,-1.630096297820100293e-01,6.222444889779560340e-02
-1.159553516986347593e-01,-1.629550748287574014e-01,6.042084168336675498e-02
-1.160323022487618067e-01,-1.629002910827724582e-01,5.861723446893790657e-02
-1.161086131116634557e-01,-1.628459086415315893e-01,5.681362725450905815e-02
-1.161834367383128286e-01,-1.627925336975699910e-01,5.501002004008009871e-02
-1.162560752267456643e-01,-1.627406678518718008e-01,5.320641282565125030e-02
-1.163260534975758126e-01,-1.626906551639618059e-01,5.140280561122251290e-02
-1.163931257925200635e-01,-1.626426766511379352e-01,4.959919839679360898e-02
-1.164572136940930647e-01,-1.625967938755507880e-01,4.779559118236470505e-02
-1.165182999511852890e-01,-1.625530245073453506e-01,4.599198396793585664e-02
-1.165763191518919134e-01,-1.625114205617446683e-01,4.418837675350700822e-02
-1.166310872835710777e-01,-1.624721190821736827e-01,4.238476953907815981e-02
-1.166822970946659321e-01,-1.624353457370412146e-01,4.058116232464931139e-02
-1.167295807370787863e-01,-1.624013700094485424e-01,3.877755511022046297e-02
-1.167726151742974339e-01,-1.623704294055892672e-01,3.697394789579155905e-02
-1.168112292534244645e-01,-1.623426521906794484e-01,3.517034068136271063e-02
-1.168454705285273953e-01,-1.623180089114175939e-01,3.336673346693391773e-02
-1.168756052108931992e-01,-1.622963120547951110e-01,3.156312625250501380e-02
-1.169020501378218030e-01,-1.622772648080260394e-01,2.975951903807616539e-02
-1.169252615808485940e-01,-1.622605411190599367e-01,2.795591182364726146e-02
-1.169456220909994848e-01,-1.622458673549164176e-01,2.615230460921841305e-02
-1.169633671340658404e-01,-1.622330753843424234e-01,2.434869739478962014e-02
-1.169785778270276133e-01,-1.622221080172676355e-01,2.254509018036071621e-02
-1.169912405989327608e-01,-1.622129761243613633e-01,2.074148296593186780e-02
-1.170013488432853910e-01,-1.622056853777075203e-01,1.893787575150301938e-02
-1.170090054712433630e-01,-1.622001622645012908e-01,1.713426853707411546e-02
-1.170144849084454874e-01,-1.621962093318188303e-01,1.533066132264532255e-02
-1.170182286461085852e-01,-1.621935083920655885e-01,1.352705410821641863e-02
-1.170207739820430248e-01,-1.621916719706767429e-01,1.172344689378757021e-02
-1.170226412639355645e-01,-1.621903247164030171e-01,9.919839679358721796e-03
-1.170242209240464765e-01,-1.621891849573206534e-01,8.116232464929817869e-03
-1.170257017670549571e-01,-1.621881164756786842e-01,6.312625250501024965e-03
-1.170270663083662344e-01,-1.621871318917048332e-01,4.509018036072232061e-03
-1.170281534761780790e-01,-1.621863474339197142e-01,2.705410821643272623e-03
-1.170287634358946893e-01,-1.621859073059845058e-01,9.018036072144797188e-04
-1.170287634358949669e-01,-1.621859073059843115e-01,-9.018036072144242077e-04
-1.170281534761780790e-01,-1.621863474339197142e-01,-2.705410821643272623e-03
-1.170270663083662344e-01,-1.621871318917048332e-01,-4.509018036072121038e-03
-1.170257017670549571e-01,-1.621881164756786842e-01,-6.312625250501024965e-03
-1.170242209240466152e-01,-1.621891849573205424e-01,-8.116232464929873380e-03
-1.170226412639355645e-01,-1.621903247164030171e-01,-9.919839679358721796e-03
-1.170207739820430248e-01,-1.621916719706767429e-01,-1.172344689378757021e-02
-1.170182286461085852e-01,-1.621935083920655885e-01,-1.352705410821641863e-02
-1.170144849084456262e-01,-1.621962093318187192e-01,-1.533066132264526704e-02
-1.170090054712436545e-01,-1.622001622645010688e-01,-1.713426853707417097e-02
-1.170013488432855575e-01,-1.622056853777074092e-01,-1.893787575150296387e-02
-1.169912405989329135e-01,-1.622129761243612522e-01,-2.074148296593186780e-02
-1.169785778270276133e-01,-1.622221080172676355e-01,-2.254509018036071621e-02
-1.169633671340658404e-01,-1.622330753843424234e-01,-2.434869739478956463e-02
-1.169456220909994848e-01,-1.622458673549164176e-01,-2.615230460921846856e-02
-1.169252615808487328e-01,-1.622605411190598257e-01,-2.795591182364731697e-02
-1.169020501378218030e-01,-1.622772648080260394e-01,-2.975951903807610988e-02
-1.168756052108936294e-01,-1.622963120547948057e-01,-3.156312625250501380e-02
-1.168454705285275480e-01,-1.623180089114174829e-01,-3.336673346693386222e-02
-1.168112292534246310e-01,-1.623426521906793374e-01,-3.517034068136271063e-02
-1.167726151742974339e-01,-1.623704294055892672e-01,-3.697394789579161456e-02
-1.167295807370787863e-01,-1.624013700094485424e-01,-3.877755511022040746e-02
-1.166822970946659321e-01,-1.624353457370412146e-01,-4.058116232464931139e-02
-1.166310872835710777e-01,-1.624721190821736827e-01,-4.238476953907815981e-02
-1.165763191518919134e-01,-1.625114205617446683e-01,-4.418837675350700822e-02
-1.165182999511852890e-01,-1.625530245073453506e-01,-4.599198396793591215e-02
-1.164572136940930647e-01,-1.625967938755507880e-01,-4.779559118236470505e-02
-1.163931257925199109e-01,-1.626426766511380462e-01,-4.959919839679355347e-02
-1.163260534975755212e-01,-1.626906551639620280e-01,-5.140280561122245739e-02
-1.162560752267455255e-01,-1.627406678518718841e-01,-5.320641282565130581e-02
-1.161834367383126898e-01,-1.627925336975701021e-01,-5.501002004008020974e-02
-1.161086131116633169e-01,-1.628459086415317003e-01,-5.681362725450900264e-02
-1.160323022487618067e-01,-1.629002910827724582e-01,-5.861723446893785106e-02
-1.159553516986346067e-01,-1.629550748287575124e-01,-6.042084168336675498e-02
-1.158786459980093719e-01,-1.630096297820102236e-01,-6.222444889779560340e-02
-1.158029966664481103e-01,-1.630633802025169832e-01,-6.402805611222445181e-02
-1.157290757761689770e-01,-1.631158515288864963e-01,-6.583166332665330023e-02
-1.156574171295171038e-01,-1.631666689705004725e-01,-6.763527054108214864e-02
-1.155884830038619165e-01,-1.632155096700859953e-01,-6.943887775551099706e-02
-1.155227691400464024e-01,-1.632620280721011619e-01,-7.124248496993990099e-02
-1.154609058224161378e-01,-1.633057844250078994e-01,-7.304609218436874940e-02
-1.154037142041189484e-01,-1.633462051836345463e-01,-7.484969939879759782e-02
-1.153521939845739974e-01,-1.633825919213709177e-01,-7.665330661322644623e-02
-1.153074446641831757e-01,-1.634141768789242333e-01,-7.845691382765529465e-02
-1.152705478833985081e-01,-1.634402055513304308e-01,-8.026052104208419857e-02
-1.152424531240632544e-01,-1.634600165115251968e-01,-8.206412825651304699e-02
-1.152239076722915839e-01,-1.634730898366065222e-01,-8.386773547094183989e-02
-1.152154547492867942e-01,-1.634790475471246951e-01,-8.567134268537074382e-02
-1.152174975848853089e-01,-1.634776077946975270e-01,-8.747494989979959223e-02
-1.152304018809541253e-01,-1.634685122045031747e-01,-8.927855711422844065e-02
-1.152545942361620085e-01,-1.634514561191109383e-01,-9.108216432865734458e-02
-1.152906153824416607e-01,-1.634260505694790089e-01,-9.288577154308613748e-02
-1.153391040900690473e-01,-1.633918329283939874e-01,-9.468937875751504141e-02
-1.154007139042206864e-01,-1.633483248472301086e-01,-9.649298597194388982e-02
-1.154759904769254719e-01,-1.632951181859795264e-01,-9.829659318637273824e-02
-1.155652523895728534e-01,-1.632319590035429535e-01,-1.001002004008016422e-01
-1.156685172269657502e-01,-1.631588003220026672e-01,-1.019038076152304351e-01
-1.157854976424943089e-01,-1.630758061015794846e-01,-1.037074148296592835e-01
-1.159156656545423103e-01,-1.629833072920793546e-01,-1.055110220440881874e-01
-1.160583574691360920e-01,-1.628817290599723078e-01,-1.073146292585170358e-01
-1.162128756246636058e-01,-1.627715194345941974e-01,-1.091182364729459398e-01
-1.163785462132849724e-01,-1.626531093501820957e-01,-1.109218436873747327e-01
-1.165547061555822633e-01,-1.625269223020785470e-01,-1.127254509018035811e-01
-1.167406225789410085e-01,-1.623934328717798192e-01,-1.145290581162324850e-01
-1.169353730207986219e-01,-1.622532543170912556e-01,-1.163326653306613334e-01
-1.171377312331390308e-01,-1.621072235329224787e-01,-1.181362725450901818e-01
-1.173461025477930131e-01,-1.619564516061118564e-01,-1.199398797595190302e-01
-1.175585351956486141e-01,-1.618023201398961497e-01,-1.217434869739478787e-01
-1.177728061687141337e-01,-1.616464231808006913e-01,-1.235470941883767271e-01
-1.179865526705081713e-01,-1.614904746074188879e-01,-1.253507014028056310e-01
-1.181974034694200093e-01,-1.613362135823422083e-01,-1.271543086172344794e-01
-1.184030651324284727e-01,-1.611853410433030376e-01,-1.289579158316633278e-01
-1.186013361739287064e-01,-1.610395077543357312e-01,-1.307615230460922318e-01
-1.187900508814088013e-01,-1.609003536714332938e-01,-1.325651302605210247e-01
-1.189669829922965771e-01,-1.607695772144425994e-01,-1.343687374749499286e-01
-1.191297564457642344e-01,-1.606489997764470878e-01,-1.361723446893787215e-01
-1.192758093072530806e-01,-1.605405908613139754e-01,-1.379759519038075699e-01
-1.193378976577713080e-01,-1.604944428403155265e-01,-1.388606463192275098e-01
-1.194039709068250021e-01,-1.604452920209318290e-01,-1.397795591182364738e-01
-1.195109312364078247e-01,-1.603656363283811614e-01,-1.415831663326653223e-01
-1.195925743541251252e-01,-1.603047602516938785e-01,-1.433867735470942262e-01
-1.196465706990089556e-01,-1.602644630601776921e-01,-1.451903807615230746e-01
-1.196710093125159524e-01,-1.602462153379097254e-01,-1.469939879759518675e-01
-1.196644206848465619e-01,-1.602511354785359221e-01,-1.487975951903807714e-01
-1.196257178993954118e-01,-1.602800287529743128e-01,-1.506012024048096198e-01
-1.195540899617851816e-01,-1.603334636730878449e-01,-1.524048096192384683e-01
-1.194488989067549189e-01,-1.604118466634052720e-01,-1.542084168336673722e-01
-1.193378976577713080e-01,-1.604944428403155265e-01,-1.556456979556016806e-01
-1.193102858085755974e-01,-1.605149703307327258e-01,-1.560120240480961651e-01
-1.191406099349091169e-01,-1.606409507701502537e-01,-1.578156312625250135e-01
-1.189371958505227450e-01,-1.607916149655024829e-01,-1.596192384769539174e-01
-1.187003345530164844e-01,-1.609665511123412607e-01,-1.614228456913827658e-01
-1.184308322708106376e-01,-1.611649402557613353e-01,-1.632264529058116698e-01
-1.181300711365908251e-01,-1.613855207051239637e-01,-1.650300601202404627e-01
-1.177999807237817970e-01,-1.616266207698368040e-01,-1.668336673346693111e-01
-1.174429275821817636e-01,-1.618862525383993889e-01,-1.686372745490982150e-01
-1.170615600792400957e-01,-1.621622371324916989e-01,-1.704408817635270634e-01
-1.166586616264534415e-01,-1.624523212131012972e-01,-1.722444889779559118e-01
-1.162370606846165749e-01,-1.627542494787793947e-01,-1.740480961923847603e-01
-1.157996227426593139e-01,-1.630657762151757617e-01,-1.758517034068136087e-01
-1.153493168626332777e-01,-1.633846232034209256e-01,-1.776553106212424571e-01
-1.148893200459691344e-01,-1.637084119383450664e-01,-1.794589178356713610e-01
-1.144231079051042654e-01,-1.640346072551059908e-01,-1.812625250501002094e-01
-1.142118415461390035e-01,-1.641817750258524888e-01,-1.820742664317059889e-01
-1.139600801286094756e-01,-1.643566248652025275e-01,-1.830661322645290578e-01
-1.135032962170574172e-01,-1.646724073664526389e-01,-1.848697394789579063e-01
-1.130523101302523953e-01,-1.649823480685531918e-01,-1.866733466933867547e-01
-1.126112550219200426e-01,-1.652837113643933487e-01,-1.884769539078156586e-01
-1.121841130599111058e-01,-1.655739254138799688e-01,-1.902805611222445070e-01
-1.117746337043445809e-01,-1.658506293634715023e-01,-1.920841683366732999e-01
-1.113863343622819163e-01,-1.661116627974505988e-01,-1.938877755511022039e-01
-1.110225748201418283e-01,-1.663550055763457491e-01,-1.956913827655310523e-01
-1.106866696230696390e-01,-1.665786936188222156e-01,-1.974949899799599562e-01
-1.103819890586644342e-01,-1.667807437669375781e-01,-1.992985971943887491e-01
-1.101120045578670714e-01,-1.669591161100473231e-01,-2.011022044088176530e-01
-1.098802560409945644e-01,-1.671117270940776223e-01,-2.029058116232465014e-01
-1.096902487046163971e-01,-1.672365071960049132e-01,-2.047094188376753499e-01
-1.095453136356799445e-01,-1.673314801836776888e-01,-2.065130260521042260e-01
-1.094484803823992936e-01,-1.673948330803061713e-01,-2.083166332665330467e-01
-1.094024051351217830e-01,-1.674249496062360787e-01,-2.101202404809619229e-01
-1.094093772072176063e-01,-1.674203935580393376e-01,-2.119238476953907990e-01
-1.094713968648511060e-01,-1.673798472590361519e-01,-2.137274549098196474e-01
-1.095902902109573002e-01,-1.673020271589025221e-01,-2.155310621242484959e-01
-1.097678119211340092e-01,-1.671856078316747984e-01,-2.173346693386773443e-01
-1.100056897693414970e-01,-1.670291837325783013e-01,-2.191382765531062204e-01
-1.103055850758696554e-01,-1.668312857382274195e-01,-2.209418837675350966e-01
-1.106689731602205629e-01,-1.665904510458579291e-01,-2.227454909819639173e-01
-1.110969766042009532e-01,-1.663053270024915098e-01,-2.245490981963927934e-01
-1.115902009695070030e-01,-1.659747783477509009e-01,-2.263527054108216419e-01
-1.121486211620046636e-01,-1.655979672926608248e-01,-2.281563126252505180e-01
-1.127715471221074489e-01,-1.651743871176348799e-01,-2.299599198396793664e-01
-1.134576668256790932e-01,-1.647038488878544704e-01,-2.317635270541082149e-01
-1.142051338718788750e-01,-1.641864409666834446e-01,-2.335671342685370910e-01
-1.142118415461390035e-01,-1.641817750258524888e-01,-2.335822153050534089e-01
-1.150293802890189898e-01,-1.636100292473668949e-01,-2.353707414829659395e-01
-1.159112664579391994e-01,-1.629864359635998239e-01,-2.371743486973947879e-01
-1.168473193125067894e-01,-1.623166780385832120e-01,-2.389779559118236640e-01
-1.178335378531448624e-01,-1.616021576496164402e-01,-2.407815631262525125e-01
-1.188650289762786250e-01,-1.608449715921155265e-01,-2.425851703406813609e-01
-1.193378976577713080e-01,-1.604944428403155265e-01,-2.433846026462012646e-01
-1.199499858244513634e-01,-1.600374984205699125e-01,-2.443887775551102093e-01
-1.210788711610122220e-01,-1.591851342254514967e-01,-2.461923847695390855e-01
-1.222317509647539158e-01,-1.583016078758847645e-01,-2.479959919839679616e-01
-1.233987729029764613e-01,-1.573935921377984382e-01,-2.497995991983967823e-01
-1.243449951576990620e-01,-1.566471263037780837e-01,-2.512596472448992424e-01
-1.245748049105828426e-01,-1.564644304034953359e-01,-2.516032064128256307e-01
-1.257662911209951606e-01,-1.555083278080923170e-01,-2.534068136272544791e-01
-1.269367354100640888e-01,-1.545544085538661516e-01,-2.552104208416833830e-01
-1.280732561704289452e-01,-1.536139350902244738e-01,-2.570140280561122315e-01
-1.291625213505652181e-01,-1.526991914790801763e-01,-2.588176352705410799e-01
-1.292281428622419071e-01,-1.526436605050337514e-01,-2.589333049653725904e-01
-1.302167265403072760e-01,-1.518011993665624448e-01,-2.606212424849699838e-01
-1.311951669086811600e-01,-1.509563784005276688e-01,-2.624248496993988322e-01
-1.320810615625296336e-01,-1.501818670030282687e-01,-2.642284569138276806e-01
-1.328593391723823514e-01,-1.494937991847082315e-01,-2.660320641282565290e-01
-1.335153011265275691e-01,-1.489082414277083100e-01,-2.678356713426853775e-01
-1.339824731435710348e-01,-1.484880361858566256e-01,-2.694569034835974652e-01
-1.340366726198330971e-01,-1.484391134202966145e-01,-2.696392785571142259e-01
-1.344187439625255664e-01,-1.480932181821200122e-01,-2.714428857715430743e-01
-1.346371465422812885e-01,-1.478946881093174126e-01,-2.732464929859719227e-01
-1.346831104194608497e-01,-1.478528314498552820e-01,-2.750501002004008266e-01
-1.345499808547128695e-01,-1.479739931609483916e-01,-2.768537074148296195e-01
-1.342331413718948763e-01,-1.482614709134942310e-01,-2.786573146292585235e-01
-1.339824731435710348e-01,-1.484880361858566256e-01,-2.795547617792611961e-01
-1.337370205124172873e-01,-1.487091434460614259e-01,-2.804609218436873719e-01
-1.330661356891026381e-01,-1.493097569911937261e-01,-2.822645290581162758e-01
-1.322147623109951042e-01,-1.500641750287092235e-01,-2.840681362725451242e-01
-1.311863903937513787e-01,-1.509640055624461297e-01,-2.858717434869739726e-01
-1.299868869668669713e-01,-1.519980566213363360e-01,-2.876753507014028211e-01
-1.292281428622420181e-01,-1.526436605050336404e-01,-2.886769450981618301e-01
-1.286405425373984279e-01,-1.531391877204649199e-01,-2.894789579158316695e-01
-1.271664259139443642e-01,-1.543654758042526387e-01,-2.912825651302605179e-01
-1.255570968593815173e-01,-1.556772797432043332e-01,-2.930861723446893663e-01
-1.243449951576990620e-01,-1.566471263037780837e-01,-2.943459551004542485e-01
-1.238394577675916014e-01,-1.570470907079430656e-01,-2.948897795591182147e-01
-1.220485939536823938e-01,-1.584428626159258835e-01,-2.966933867735471186e-01
-1.201696660014165696e-01,-1.598726098276624652e-01,-2.984969939879759115e-01
-1.193378976577713080e-01,-1.604944428403155265e-01,-2.992604258787364135e-01
-1.182438077918790686e-01,-1.613022068010142307e-01,-3.003006012024048155e-01
-1.162808293791386671e-01,-1.627229815327252693e-01,-3.021042084168337194e-01
-1.142756762024390027e-01,-1.641373504979147802e-01,-3.039078156312625123e-01
-1.142118415461390035e-01,-1.641817750258524888e-01,-3.039637038173048089e-01
-1.122852040910609778e-01,-1.655053864447583178e-01,-3.057114228456914162e-01
-1.102820504166851096e-01,-1.668468440093840433e-01,-3.075150300601202646e-01
-1.089719365870140816e-01,-1.677054472474754920e-01,-3.086880298722765592e-01
-1.082917200137655800e-01,-1.681454827714982392e-01,-3.093186372745491131e-01
-1.063388209958608943e-01,-1.693872933522767577e-01,-3.111222444889779615e-01
-1.044077371210709732e-01,-1.705843616198663981e-01,-3.129258517034068099e-01
-1.036234060316155586e-01,-1.710619470320823288e-01,-3.136641173974308860e-01
-1.025294032884307288e-01,-1.717198924449882536e-01,-3.147294589178356583e-01
-1.007054026470584618e-01,-1.727958965881245534e-01,-3.165330661322645067e-01
-9.892784046719201030e-02,-1.738196835243287774e-01,-3.183366733466933551e-01
-9.817158141151877127e-02,-1.742479285476919160e-01,-3.191207248723846313e-01
-9.721957633074936045e-02,-1.747808741769808494e-01,-3.201402805611222591e-01
-9.558072322288865830e-02,-1.756824560056853279e-01,-3.219438877755511075e-01
-9.400188714544184532e-02,-1.765322781054377566e-01,-3.237474949899800114e-01
-9.262189722406966030e-02,-1.772602159386416909e-01,-3.253878705569551166e-01
-9.248868787257162605e-02,-1.773297567122056051e-01,-3.255511022044088598e-01
-9.106345745363640665e-02,-1.780658493832822376e-01,-3.273547094188377082e-01
-8.970619746451793941e-02,-1.787534562923383530e-01,-3.291583166332665567e-01
-8.841899400741698445e-02,-1.793936495495767613e-01,-3.309619238476954051e-01
-8.720339420115869045e-02,-1.799876885784061908e-01,-3.327655310621242535e-01
-8.697988551515863087e-02,-1.800958064913503187e-01,-3.331149402596362274e-01
-8.607428816571977004e-02,-1.805303767147364014e-01,-3.345691382765531019e-01
-8.502045629100013491e-02,-1.810290639982158611e-01,-3.363727454909819503e-01
-8.403844879185962125e-02,-1.814870219179817723e-01,-3.381763527054107987e-01
-8.312793484515834663e-02,-1.819058724955824879e-01,-3.399799599198397027e-01
-8.228851820461903499e-02,-1.822871355079345168e-01,-3.417835671342685511e-01
-8.151989821134109082e-02,-1.826321609016675618e-01,-3.435871743486973995e-01
-8.125117036475777710e-02,-1.827518736274873490e-01,-3.442783312365225723e-01
-8.082793877441642183e-02,-1.829394553219156894e-01,-3.453907815631263034e-01
-8.020946933650383026e-02,-1.832114653310661367e-01,-3.471943887775550963e-01
-7.966086106621461660e-02,-1.834506669766813869e-01,-3.489979959919840002e-01
-7.918219193447374737e-02,-1.836577808873127160e-01,-3.508016032064128487e-01
-7.877340728478050835e-02,-1.838334852651880014e-01,-3.526052104208416971e-01
-7.843429301623197625e-02,-1.839784272110289165e-01,-3.544088176352705455e-01
-7.816453598808080494e-02,-1.840931973587509596e-01,-3.562124248496993939e-01
-7.796385915076636808e-02,-1.841782741430689763e-01,-3.580160320641282423e-01
-7.783219088424470078e-02,-1.842339546939122386e-01,-3.598196392785570907e-01
-7.776981426065632252e-02,-1.842602941218292323e-01,-3.616232464929859947e-01
-7.777744769698002880e-02,-1.842570721295211100e-01,-3.634268537074148431e-01
-7.785623218073477181e-02,-1.842237962658991590e-01,-3.652304609218436915e-01
-7.800763391337087183e-02,-1.841597378669873886e-01,-3.670340681362725399e-01
-7.823330297223678176e-02,-1.840639842719216102e-01,-3.688376753507014438e-01
-7.853494690576458270e-02,-1.839354835655935549e-01,-3.706412825651302922e-01
-7.891427594405071855e-02,-1.837730585592627641e-01,-3.724448897795591407e-01
-7.937305367172313442e-02,-1.835753751210269513e-01,-3.742484969939879891e-01
-7.991325079282257660e-02,-1.833408638239807376e-01,-3.760521042084168375e-01
-8.053726232167106314e-02,-1.830676087617095493e-01,-3.778557114228456859e-01
-8.124812357904333260e-02,-1.827532281927859992e-01,-3.796593186372745343e-01
-8.125117036475777710e-02,-1.827518736274873490e-01,-3.796662356457612963e-01
-8.206093554180478311e-02,-1.823897005261091164e-01,-3.814629258517033827e-01
-8.297042731825803041e-02,-1.819777683966524173e-01,-3.832665330661322867e-01
-8.398200423242818680e-02,-1.815131481879602715e-01,-3.850701402805611351e-01
-8.510169921967630779e-02,-1.809908859305455475e-01,-3.868737474949899835e-01
-8.633596960987283131e-02,-1.804053778342628034e-01,-3.886773547094188319e-01
-8.697988551515863087e-02,-1.800958064913503187e-01,-3.895402839559413688e-01
-8.770255449186251107e-02,-1.797449914061637899e-01,-3.904809619238477358e-01
-8.920957302591471516e-02,-1.790018214447383627e-01,-3.922845691382765843e-01
-9.085518018778787619e-02,-1.781722094857798033e-01,-3.940881763527054327e-01
-9.262189722406966030e-02,-1.772602159386416909e-01,-3.958654116239684329e-01
-9.264900722697202995e-02,-1.772460477975644211e-01,-3.958917835671342811e-01
-9.463331796422765063e-02,-1.761945945001758274e-01,-3.976953907815631295e-01
-9.679155260093706692e-02,-1.750182714607250167e-01,-3.994989979959919779e-01
-9.817158141151877127e-02,-1.742479285476919160e-01,-4.005682670969629156e-01
-9.915617601007623017e-02,-1.736895297911154601e-01,-4.013026052104208263e-01
-1.017553611872410724e-01,-1.721796923845960448e-01,-4.031062124248497303e-01
-1.036234060316155586e-01,-1.710619470320823288e-01,-4.043064969650487783e-01
-1.046024058203383761e-01,-1.704650600463251675e-01,-4.049098196392785787e-01
-1.077405787726625069e-01,-1.684991622701184633e-01,-4.067134268537074271e-01
-1.089719365870140816e-01,-1.677054472474754920e-01,-4.073739106891641759e-01
-1.112019876545536912e-01,-1.662351284827502662e-01,-4.085170340681362755e-01
-1.142118415461390035e-01,-1.641817750258524888e-01,-4.099550427698904209e-01
-1.150145009100678739e-01,-1.636204894883522831e-01,-4.103206412825651239e-01
-1.192352154971967892e-01,-1.605707426193733744e-01,-4.121242484969939723e-01
-1.193378976577713080e-01,-1.604944428403155265e-01,-4.121656929745405873e-01
-1.239317340492231828e-01,-1.569742822743669108e-01,-4.139278557114228763e-01
-1.243449951576990620e-01,-1.566471263037780837e-01,-4.140775825544708577e-01
-1.291572086070333913e-01,-1.527036851711158494e-01,-4.157314629258517247e-01
-1.292281428622420181e-01,-1.526436605050336404e-01,-4.157545951476956936e-01
-1.339824731435710348e-01,-1.484880361858566256e-01,-4.172299936433812584e-01
-1.350212418449593388e-01,-1.475441095084619181e-01,-4.175350701402805731e-01
-1.386032467818663905e-01,-1.441843957629432571e-01,-4.185402114655085715e-01
-1.416129262262438571e-01,-1.412295263945907708e-01,-4.193386773547094215e-01
-1.430858576894742940e-01,-1.397370291986612667e-01,-4.197134824811253329e-01
-1.474258375023557999e-01,-1.351503697247217473e-01,-4.207630647818189074e-01
-1.490770658341155352e-01,-1.333267731638727582e-01,-4.211422845691382699e-01
-1.516188600342490977e-01,-1.304289894230373503e-01,-4.217058178027562332e-01
-1.556607455891060032e-01,-1.255775946681716992e-01,-4.225579918499073329e-01
-1.575924494079188332e-01,-1.231447111719076032e-01,-4.229458917835671183e-01
-1.595474651275039235e-01,-1.206010214359228699e-01,-4.233274624206141423e-01
-1.632751442828798416e-01,-1.155042304827176985e-01,-4.240226217576302803e-01
-1.668400672235835214e-01,-1.102923024006214753e-01,-4.246583705357604988e-01
-1.673747884536992969e-01,-1.094791312994372323e-01,-4.247494989979960223e-01
-1.702386803568989304e-01,-1.049704325528936777e-01,-4.252286449778401312e-01
-1.734675958713429444e-01,-9.954392589513663681e-02,-4.257478719968115777e-01
-1.765235951137093806e-01,-9.401819168720063069e-02,-4.262217966757562149e-01
-1.787407229794568675e-01,-8.973156606669173418e-02,-4.265531062124248707e-01
-1.794036317974927464e-01,-8.839873810111578689e-02,-4.266515433128715840e-01
-1.821048350394924575e-01,-8.269116673042679888e-02,-4.270359261708685517e-01
-1.846245122215721679e-01,-7.690116700640216296e-02,-4.273843385057312094e-01
-1.869601516747196879e-01,-7.103451052668567633e-02,-4.276989154189916875e-01
-1.891094251827334372e-01,-6.509704530204236950e-02,-4.279815263241112389e-01
-1.910701903030389837e-01,-5.909468992693396594e-02,-4.282338040564999671e-01
-1.920639834047443151e-01,-5.578016026063484234e-02,-4.283567134268537191e-01
-1.928404925023223804e-01,-5.303342767973570626e-02,-4.284552184577932188e-01
-1.944185671048513919e-01,-4.691930055847373660e-02,-4.286471002962117249e-01
-1.958028410515429141e-01,-4.075840325803042896e-02,-4.288128709416854090e-01
-1.969919344680221007e-01,-3.455687709481992942e-02,-4.289534079974772207e-01
-1.979846620401114476e-01,-2.832090388499035674e-02,-4.290694439049265174e-01
-1.987800341953775973e-01,-2.205669978225496819e-02,-4.291615754566396324e-01
-1.993772580895586399e-01,-1.577050908149527086e-02,-4.292302714021262178e-01
-1.997757383968887246e-01,-9.468597994311593602e-03,-4.292758783291226177e-01
-1.999750779035314729e-01,-3.157248402727404462e-03,-4.292986249594824555e-01
-1.999750779035314729e-01,3.157248402727364130e-03,-4.292986249594824555e-01
-1.997757383968887246e-01,9.468597994311642174e-03,-4.292758783291226177e-01
-1.993772580895586399e-01,1.577050908149532291e-02,-4.292302714021262178e-01
-1.987800341953775696e-01,2.205669978225501676e-02,-4.291615754566396324e-01
-1.979846620401114476e-01,2.832090388499031858e-02,-4.290694439049265174e-01
-1.969919344680221007e-01,3.455687709481988085e-02,-4.289534079974772207e-01
-1.958028410515428863e-01,4.075840325803047060e-02,-4.288128709416854090e-01
-1.944185671048514197e-01,4.691930055847368802e-02,-4.286471002962117249e-01
-1.928404925023223526e-01,5.303342767973574789e-02,-4.284552184577932188e-01
-1.920639834047443428e-01,5.578016026063470356e-02,-4.283567134268537191e-01
-1.910701903030389559e-01,5.909468992693400757e-02,-4.282338040564999671e-01
-1.891094251827334372e-01,6.509704530204232786e-02,-4.279815263241112389e-01
-1.869601516747196601e-01,7.103451052668573185e-02,-4.276989154189916875e-01
-1.846245122215721401e-01,7.690116700640220460e-02,-4.273843385057312094e-01
-1.821048350394924575e-01,8.269116673042684051e-02,-4.270359261708685517e-01
-1.794036317974927464e-01,8.839873810111575914e-02,-4.266515433128715840e-01
-1.787407229794567565e-01,8.973156606669191460e-02,-4.265531062124248707e-01
-1.765235951137094084e-01,9.401819168720060294e-02,-4.262217966757562149e-01
-1.734675958713429444e-01,9.954392589513660905e-02,-4.257478719968115777e-01
-1.702386803568989027e-01,1.049704325528936916e-01,-4.252286449778401312e-01
-1.673747884536993247e-01,1.094791312994371907e-01,-4.247494989979960223e-01
-1.668400672235834936e-01,1.102923024006215169e-01,-4.246583705357604988e-01
-1.632751442828798139e-01,1.155042304827177263e-01,-4.240226217576302803e-01
-1.595474651275038680e-01,1.206010214359229116e-01,-4.233274624206141423e-01
-1.575924494079187499e-01,1.231447111719077142e-01,-4.229458917835671183e-01
-1.556607455891059755e-01,1.255775946681717270e-01,-4.225579918499073329e-01
-1.516188600342490700e-01,1.304289894230373503e-01,-4.217058178027562332e-01
-1.490770658341153965e-01,1.333267731638729248e-01,-4.211422845691382699e-01
-1.474258375023557999e-01,1.351503697247217750e-01,-4.207630647818189074e-01
-1.430858576894742384e-01,1.397370291986613222e-01,-4.197134824811253329e-01
-1.416129262262437738e-01,1.412295263945908819e-01,-4.193386773547094215e-01
-1.386032467818663627e-01,1.441843957629432849e-01,-4.185402114655085715e-01
-1.350212418449592278e-01,1.475441095084620291e-01,-4.175350701402805731e-01
-1.339824731435709793e-01,1.484880361858566811e-01,-4.172299936433813139e-01
-1.292281428622419071e-01,1.526436605050337514e-01,-4.157545951476956936e-01
-1.291572086070332803e-01,1.527036851711159327e-01,-4.157314629258517247e-01
-1.243449951576990203e-01,1.566471263037781114e-01,-4.140775825544708577e-01
-1.239317340492231134e-01,1.569742822743669386e-01,-4.139278557114228763e-01
-1.193378976577711692e-01,1.604944428403156376e-01,-4.121656929745406428e-01
-1.192352154971965811e-01,1.605707426193735410e-01,-4.121242484969939723e-01
-1.150145009100677351e-01,1.636204894883523941e-01,-4.103206412825651239e-01
-1.142118415461389480e-01,1.641817750258525166e-01,-4.099550427698904209e-01
-1.112019876545535663e-01,1.662351284827503495e-01,-4.085170340681362755e-01
-1.089719365870140955e-01,1.677054472474754920e-01,-4.073739106891641759e-01
-1.077405787726624653e-01,1.684991622701184910e-01,-4.067134268537074271e-01
-1.046024058203383067e-01,1.704650600463252230e-01,-4.049098196392785787e-01
-1.036234060316154199e-01,1.710619470320824398e-01,-4.043064969650487783e-01
-1.017553611872410724e-01,1.721796923845960448e-01,-4.031062124248497303e-01
-9.915617601007602200e-02,1.736895297911155989e-01,-4.013026052104208263e-01
-9.817158141151870188e-02,1.742479285476919437e-01,-4.005682670969629156e-01
-9.679155260093692814e-02,1.750182714607251278e-01,-3.994989979959919779e-01
-9.463331796422752573e-02,1.761945945001759106e-01,-3.976953907815631295e-01
-9.264900722697183566e-02,1.772460477975645043e-01,-3.958917835671342811e-01
-9.262189722406954928e-02,1.772602159386417464e-01,-3.958654116239685439e-01
-9.085518018778768190e-02,1.781722094857799144e-01,-3.940881763527054327e-01
-8.920957302591459026e-02,1.790018214447384182e-01,-3.922845691382765843e-01
-8.770255449186231678e-02,1.797449914061638732e-01,-3.904809619238477358e-01
-8.697988551515860312e-02,1.800958064913503465e-01,-3.895402839559413688e-01
-8.633596960987262314e-02,1.804053778342629144e-01,-3.886773547094188319e-01
-8.510169921967634943e-02,1.809908859305455198e-01,-3.868737474949899835e-01
-8.398200423242814516e-02,1.815131481879602715e-01,-3.850701402805611351e-01
-8.297042731825794715e-02,1.819777683966524728e-01,-3.832665330661322867e-01
-8.206093554180454719e-02,1.823897005261092275e-01,-3.814629258517033827e-01
-8.125117036475781873e-02,1.827518736274873490e-01,-3.796662356457614629e-01
-8.124812357904320770e-02,1.827532281927860547e-01,-3.796593186372745343e-01
